,0
0,"b'{""metadata"":{""dataVersion"":""2"",""matchId"":""KR_6636190425"",""participants"":[""qA-yjbpzdvJzzjZPNbr8HhmqsNm4Ts-JFU_6FbbwKm5oEMQ2gLaFC7'"
1,"b'QzYIPfT6tYMl8zxnE6RpcrRw"",""6GAcdYFTphsLZuQM3QfLmsZVzByQLOFjM8Y14dNdsDdQrOxvrQQCgDHfS2EjdN0kZd-CNbz7Mh_UmQ"",""hZ0VFdPLzBpznzqQtuxO'"
2,"b'Uix5Jfd11drRrc1UQqQ91XgAIrEqK-s8fGPRQe3bF1dwUVikUPOuBKogdA"",""3MXueUlNBXkXMuaTmLwXNSt2-Fw8Od77SQ_RLEv1Vuxbj0GyJAxFMRqw6K0D2rO3bpN'"
3,"b'KBOh9OoPtdg"",""lY_FJvMs8xFkoY6o4YdG9Mc2NxayCz-4G8SO-GgF552kLJT1ZgrPi8vk3YN8s3Waps4loLDnsP06gQ"",""7Jkvb76cYpV0Db4-ON9UWd__aK_A0piid'"
4,"b'HY2XsVWzkqYYhS3yzLdSwiDUj_Ep4mJ8e3qd-8Xsjhh8Q"",""UI8d_6Li_9myqWqDEpaO-i-AmDI4Nx6tiKMcbAq_JW4RigVFrs4Q8uUkqxA_ded-A-TnfocpEyIRdw"",'"
5,"b'""jipKAKPchwGwSCHobqEbLdUN1Gxj_lYBvVP9Smj5uzFZbtL-5zGOB_G041aiDeZH8Y5lnhuhlZG_HA"",""vuc9twe_JbotlPu4Qm0AINDhjlkMaD496t75iEf8VxwXel'"
6,"b'jemdy81jcOycZhHDeE0H-DbYfpysRBaQ"",""HUgrC7AovIZeS2lPJ_GsQ9ALDAYAmX5Rwb5gWPlLPckooLxMhuUflJdwv3psv-tPRbOF6cxbFB992g""]},""info"":{""fr'"
7,"b'ameInterval"":60000,""frames"":[{""events"":[{""realTimestamp"":1691303235167,""timestamp"":0,""type"":""PAUSE_END""}],""participantFrames"":{""'"
8,"b'1"":{""championStats"":{""abilityHaste"":0,""abilityPower"":0,""armor"":32,""armorPen"":0,""armorPenPercent"":0,""attackDamage"":25,""attackSpee'"
9,"b'd"":100,""bonusArmorPenPercent"":0,""bonusMagicPenPercent"":0,""ccReduction"":0,""cooldownReduction"":0,""health"":610,""healthMax"":610,""hea'"
10,"b'lthRegen"":0,""lifesteal"":0,""magicPen"":0,""magicPenPercent"":0,""magicResist"":32,""movementSpeed"":340,""omnivamp"":0,""physicalVamp"":0,""p'"
11,"b'ower"":0,""powerMax"":60,""powerRegen"":0,""spellVamp"":0},""currentGold"":500,""damageStats"":{""magicDamageDone"":0,""magicDamageDoneToChamp'"
12,"b'ions"":0,""magicDamageTaken"":0,""physicalDamageDone"":0,""physicalDamageDoneToChampions"":0,""physicalDamageTaken"":0,""totalDamageDone"":'"
13,"b'0,""totalDamageDoneToChampions"":0,""totalDamageTaken"":0,""trueDamageDone"":0,""trueDamageDoneToChampions"":0,""trueDamageTaken"":0},""gol'"
14,"b'dPerSecond"":0,""jungleMinionsKilled"":0,""level"":1,""minionsKilled"":0,""participantId"":1,""position"":{""x"":554,""y"":581},""timeEnemySpent'"
15,"b'Controlled"":0,""totalGold"":500,""xp"":0},""2"":{""championStats"":{""abilityHaste"":0,""abilityPower"":0,""armor"":30,""armorPen"":0,""armorPenP'"
16,"b'ercent"":0,""attackDamage"":25,""attackSpeed"":100,""bonusArmorPenPercent"":0,""bonusMagicPenPercent"":0,""ccReduction"":0,""cooldownReducti'"
17,"b'on"":0,""health"":630,""healthMax"":630,""healthRegen"":0,""lifesteal"":0,""magicPen"":0,""magicPenPercent"":0,""magicResist"":32,""movementSpee'"
18,"b'd"":345,""omnivamp"":0,""physicalVamp"":0,""power"":297,""powerMax"":297,""powerRegen"":0,""spellVamp"":0},""currentGold"":500,""damageStats"":{""'"
19,"b'magicDamageDone"":0,""magicDamageDoneToChampions"":0,""magicDamageTaken"":0,""physicalDamageDone"":0,""physicalDamageDoneToChampions"":0,'"
20,"b'""physicalDamageTaken"":0,""totalDamageDone"":0,""totalDamageDoneToChampions"":0,""totalDamageTaken"":0,""trueDamageDone"":0,""trueDamageDo'"
21,"b'neToChampions"":0,""trueDamageTaken"":0},""goldPerSecond"":0,""jungleMinionsKilled"":0,""level"":1,""minionsKilled"":0,""participantId"":2,""p'"
22,"b'osition"":{""x"":593,""y"":464},""timeEnemySpentControlled"":0,""totalGold"":500,""xp"":0},""3"":{""championStats"":{""abilityHaste"":0,""abilityP'"
23,"b'ower"":0,""armor"":40,""armorPen"":0,""armorPenPercent"":0,""attackDamage"":25,""attackSpeed"":100,""bonusArmorPenPercent"":0,""bonusMagicPenP'"
24,"b'ercent"":0,""ccReduction"":0,""cooldownReduction"":0,""health"":650,""healthMax"":650,""healthRegen"":0,""lifesteal"":0,""magicPen"":0,""magicPe'"
25,"b'nPercent"":0,""magicResist"":28,""movementSpeed"":345,""omnivamp"":0,""physicalVamp"":0,""power"":317,""powerMax"":317,""powerRegen"":0,""spellV'"
26,"b'amp"":0},""currentGold"":500,""damageStats"":{""magicDamageDone"":0,""magicDamageDoneToChampions"":0,""magicDamageTaken"":0,""physicalDamage'"
27,"b'Done"":0,""physicalDamageDoneToChampions"":0,""physicalDamageTaken"":0,""totalDamageDone"":0,""totalDamageDoneToChampions"":0,""totalDamag'"
28,"b'eTaken"":0,""trueDamageDone"":0,""trueDamageDoneToChampions"":0,""trueDamageTaken"":0},""goldPerSecond"":0,""jungleMinionsKilled"":0,""level'"
29,"b'"":1,""minionsKilled"":0,""participantId"":3,""position"":{""x"":557,""y"":345},""timeEnemySpentControlled"":0,""totalGold"":500,""xp"":0},""4"":{""'"
30,"b'championStats"":{""abilityHaste"":0,""abilityPower"":0,""armor"":26,""armorPen"":0,""armorPenPercent"":0,""attackDamage"":25,""attackSpeed"":10'"
31,"b'0,""bonusArmorPenPercent"":0,""bonusMagicPenPercent"":0,""ccReduction"":0,""cooldownReduction"":0,""health"":580,""healthMax"":580,""healthRe'"
32,"b'gen"":0,""lifesteal"":0,""magicPen"":0,""magicPenPercent"":0,""magicResist"":30,""movementSpeed"":325,""omnivamp"":0,""physicalVamp"":0,""power""'"
33,"b':348,""powerMax"":348,""powerRegen"":0,""spellVamp"":0},""currentGold"":500,""damageStats"":{""magicDamageDone"":0,""magicDamageDoneToChampio'"
34,"b'ns"":0,""magicDamageTaken"":0,""physicalDamageDone"":0,""physicalDamageDoneToChampions"":0,""physicalDamageTaken"":0,""totalDamageDone"":0,'"
35,"b'""totalDamageDoneToChampions"":0,""totalDamageTaken"":0,""trueDamageDone"":0,""trueDamageDoneToChampions"":0,""trueDamageTaken"":0},""goldP'"
36,"b'erSecond"":0,""jungleMinionsKilled"":0,""level"":1,""minionsKilled"":0,""participantId"":4,""position"":{""x"":458,""y"":271},""timeEnemySpentCo'"
37,"b'ntrolled"":0,""totalGold"":500,""xp"":0},""5"":{""championStats"":{""abilityHaste"":0,""abilityPower"":0,""armor"":28,""armorPen"":0,""armorPenPer'"
38,"b'cent"":0,""attackDamage"":25,""attackSpeed"":100,""bonusArmorPenPercent"":0,""bonusMagicPenPercent"":0,""ccReduction"":0,""cooldownReduction'"
39,"b'"":0,""health"":600,""healthMax"":600,""healthRegen"":0,""lifesteal"":0,""magicPen"":0,""magicPenPercent"":0,""magicResist"":30,""movementSpeed""'"
40,"b':330,""omnivamp"":0,""physicalVamp"":0,""power"":274,""powerMax"":274,""powerRegen"":0,""spellVamp"":0},""currentGold"":500,""damageStats"":{""ma'"
41,"b'gicDamageDone"":0,""magicDamageDoneToChampions"":0,""magicDamageTaken"":0,""physicalDamageDone"":0,""physicalDamageDoneToChampions"":0,""p'"
42,"b'hysicalDamageTaken"":0,""totalDamageDone"":0,""totalDamageDoneToChampions"":0,""totalDamageTaken"":0,""trueDamageDone"":0,""trueDamageDone'"
43,"b'ToChampions"":0,""trueDamageTaken"":0},""goldPerSecond"":0,""jungleMinionsKilled"":0,""level"":1,""minionsKilled"":0,""participantId"":5,""pos'"
44,"b'ition"":{""x"":335,""y"":269},""timeEnemySpentControlled"":0,""totalGold"":500,""xp"":0},""6"":{""championStats"":{""abilityHaste"":0,""abilityPow'"
45,"b'er"":0,""armor"":26,""armorPen"":0,""armorPenPercent"":0,""attackDamage"":25,""attackSpeed"":100,""bonusArmorPenPercent"":0,""bonusMagicPenPer'"
46,"b'cent"":0,""ccReduction"":0,""cooldownReduction"":0,""health"":630,""healthMax"":630,""healthRegen"":0,""lifesteal"":0,""magicPen"":0,""magicPenP'"
47,"b'ercent"":0,""magicResist"":30,""movementSpeed"":330,""omnivamp"":0,""physicalVamp"":0,""power"":350,""powerMax"":350,""powerRegen"":0,""spellVam'"
48,"b'p"":0},""currentGold"":500,""damageStats"":{""magicDamageDone"":0,""magicDamageDoneToChampions"":0,""magicDamageTaken"":0,""physicalDamageDo'"
49,"b'ne"":0,""physicalDamageDoneToChampions"":0,""physicalDamageTaken"":0,""totalDamageDone"":0,""totalDamageDoneToChampions"":0,""totalDamageT'"
50,"b'aken"":0,""trueDamageDone"":0,""trueDamageDoneToChampions"":0,""trueDamageTaken"":0},""goldPerSecond"":0,""jungleMinionsKilled"":0,""level"":'"
51,"b'1,""minionsKilled"":0,""participantId"":6,""position"":{""x"":14500,""y"":14511},""timeEnemySpentControlled"":0,""totalGold"":500,""xp"":0},""7"":'"
52,"b'{""championStats"":{""abilityHaste"":0,""abilityPower"":0,""armor"":32,""armorPen"":0,""armorPenPercent"":0,""attackDamage"":25,""attackSpeed"":'"
53,"b'100,""bonusArmorPenPercent"":0,""bonusMagicPenPercent"":0,""ccReduction"":0,""cooldownReduction"":0,""health"":610,""healthMax"":610,""health'"
54,"b'Regen"":0,""lifesteal"":0,""magicPen"":0,""magicPenPercent"":0,""magicResist"":30,""movementSpeed"":340,""omnivamp"":0,""physicalVamp"":0,""powe'"
55,"b'r"":295,""powerMax"":295,""powerRegen"":0,""spellVamp"":0},""currentGold"":500,""damageStats"":{""magicDamageDone"":0,""magicDamageDoneToChamp'"
56,"b'ions"":0,""magicDamageTaken"":0,""physicalDamageDone"":0,""physicalDamageDoneToChampions"":0,""physicalDamageTaken"":0,""totalDamageDone"":'"
57,"b'0,""totalDamageDoneToChampions"":0,""totalDamageTaken"":0,""trueDamageDone"":0,""trueDamageDoneToChampions"":0,""trueDamageTaken"":0},""gol'"
58,"b'dPerSecond"":0,""jungleMinionsKilled"":0,""level"":1,""minionsKilled"":0,""participantId"":7,""position"":{""x"":14539,""y"":14394},""timeEnemyS'"
59,"b'pentControlled"":0,""totalGold"":500,""xp"":0},""8"":{""championStats"":{""abilityHaste"":0,""abilityPower"":0,""armor"":28,""armorPen"":0,""armor'"
60,"b'PenPercent"":0,""attackDamage"":25,""attackSpeed"":100,""bonusArmorPenPercent"":0,""bonusMagicPenPercent"":0,""ccReduction"":0,""cooldownRed'"
61,"b'uction"":0,""health"":590,""healthMax"":590,""healthRegen"":0,""lifesteal"":0,""magicPen"":0,""magicPenPercent"":0,""magicResist"":32,""movement'"
62,"b'Speed"":335,""omnivamp"":0,""physicalVamp"":0,""power"":320,""powerMax"":320,""powerRegen"":0,""spellVamp"":0},""currentGold"":500,""damageStats'"
63,"b'"":{""magicDamageDone"":0,""magicDamageDoneToChampions"":0,""magicDamageTaken"":0,""physicalDamageDone"":0,""physicalDamageDoneToChampions'"
64,"b'"":0,""physicalDamageTaken"":0,""totalDamageDone"":0,""totalDamageDoneToChampions"":0,""totalDamageTaken"":0,""trueDamageDone"":0,""trueDama'"
65,"b'geDoneToChampions"":0,""trueDamageTaken"":0},""goldPerSecond"":0,""jungleMinionsKilled"":0,""level"":1,""minionsKilled"":0,""participantId"":'"
66,"b'8,""position"":{""x"":14503,""y"":14275},""timeEnemySpentControlled"":0,""totalGold"":500,""xp"":0},""9"":{""championStats"":{""abilityHaste"":0,""'"
67,"b'abilityPower"":0,""armor"":26,""armorPen"":0,""armorPenPercent"":0,""attackDamage"":25,""attackSpeed"":100,""bonusArmorPenPercent"":0,""bonusM'"
68,"b'agicPenPercent"":0,""ccReduction"":0,""cooldownReduction"":0,""health"":600,""healthMax"":600,""healthRegen"":0,""lifesteal"":0,""magicPen"":0,'"
69,"b'""magicPenPercent"":0,""magicResist"":30,""movementSpeed"":335,""omnivamp"":0,""physicalVamp"":0,""power"":349,""powerMax"":349,""powerRegen"":0'"
70,"b',""spellVamp"":0},""currentGold"":500,""damageStats"":{""magicDamageDone"":0,""magicDamageDoneToChampions"":0,""magicDamageTaken"":0,""physic'"
71,"b'alDamageDone"":0,""physicalDamageDoneToChampions"":0,""physicalDamageTaken"":0,""totalDamageDone"":0,""totalDamageDoneToChampions"":0,""to'"
72,"b'talDamageTaken"":0,""trueDamageDone"":0,""trueDamageDoneToChampions"":0,""trueDamageTaken"":0},""goldPerSecond"":0,""jungleMinionsKilled"":'"
73,"b'0,""level"":1,""minionsKilled"":0,""participantId"":9,""position"":{""x"":14404,""y"":14201},""timeEnemySpentControlled"":0,""totalGold"":500,""x'"
74,"b'p"":0},""10"":{""championStats"":{""abilityHaste"":0,""abilityPower"":0,""armor"":36,""armorPen"":0,""armorPenPercent"":0,""attackDamage"":25,""at'"
75,"b'tackSpeed"":100,""bonusArmorPenPercent"":0,""bonusMagicPenPercent"":0,""ccReduction"":0,""cooldownReduction"":0,""health"":610,""healthMax"":'"
76,"b'610,""healthRegen"":0,""lifesteal"":0,""magicPen"":0,""magicPenPercent"":0,""magicResist"":30,""movementSpeed"":330,""omnivamp"":0,""physicalVa'"
77,"b'mp"":0,""power"":350,""powerMax"":350,""powerRegen"":0,""spellVamp"":0},""currentGold"":500,""damageStats"":{""magicDamageDone"":0,""magicDamage'"
78,"b'DoneToChampions"":0,""magicDamageTaken"":0,""physicalDamageDone"":0,""physicalDamageDoneToChampions"":0,""physicalDamageTaken"":0,""totalD'"
79,"b'amageDone"":0,""totalDamageDoneToChampions"":0,""totalDamageTaken"":0,""trueDamageDone"":0,""trueDamageDoneToChampions"":0,""trueDamageTak'"
80,"b'en"":0},""goldPerSecond"":0,""jungleMinionsKilled"":0,""level"":1,""minionsKilled"":0,""participantId"":10,""position"":{""x"":14281,""y"":14199}'"
81,"b',""timeEnemySpentControlled"":0,""totalGold"":500,""xp"":0}},""timestamp"":0},{""events"":[{""itemId"":1036,""participantId"":8,""timestamp"":34'"
82,"b'45,""type"":""ITEM_PURCHASED""},{""itemId"":2031,""participantId"":8,""timestamp"":3882,""type"":""ITEM_PURCHASED""},{""itemId"":3340,""participa'"
83,"b'ntId"":8,""timestamp"":4050,""type"":""ITEM_PURCHASED""},{""itemId"":2033,""participantId"":3,""timestamp"":4348,""type"":""ITEM_PURCHASED""},{""i'"
84,"b'temId"":3854,""participantId"":10,""timestamp"":8559,""type"":""ITEM_PURCHASED""},{""itemId"":1102,""participantId"":2,""timestamp"":8593,""type'"
85,"b'"":""ITEM_PURCHASED""},{""itemId"":1054,""participantId"":1,""timestamp"":8693,""type"":""ITEM_PURCHASED""},{""itemId"":3340,""participantId"":10'"
86,"b',""timestamp"":8959,""type"":""ITEM_PURCHASED""},{""itemId"":3340,""participantId"":2,""timestamp"":9194,""type"":""ITEM_PURCHASED""},{""itemId"":'"
87,"b'2003,""participantId"":1,""timestamp"":9260,""type"":""ITEM_PURCHASED""},{""itemId"":2003,""participantId"":10,""timestamp"":9260,""type"":""ITEM'"
88,"b'_PURCHASED""},{""itemId"":2003,""participantId"":10,""timestamp"":9492,""type"":""ITEM_PURCHASED""},{""itemId"":2003,""participantId"":2,""times'"
89,"b'tamp"":9624,""type"":""ITEM_PURCHASED""},{""itemId"":3340,""participantId"":2,""timestamp"":10324,""type"":""ITEM_DESTROYED""},{""itemId"":3364,""'"
90,"b'participantId"":2,""timestamp"":10324,""type"":""ITEM_PURCHASED""},{""itemId"":1055,""participantId"":9,""timestamp"":12602,""type"":""ITEM_PURC'"
91,"b'HASED""},{""levelUpType"":""NORMAL"",""participantId"":1,""skillSlot"":1,""timestamp"":12635,""type"":""SKILL_LEVEL_UP""},{""itemId"":2003,""parti'"
92,"b'cipantId"":9,""timestamp"":13240,""type"":""ITEM_PURCHASED""},{""afterId"":0,""beforeId"":2003,""goldGain"":50,""participantId"":10,""timestamp""'"
93,"b':13240,""type"":""ITEM_UNDO""},{""afterId"":0,""beforeId"":2003,""goldGain"":50,""participantId"":10,""timestamp"":13373,""type"":""ITEM_UNDO""},{'"
94,"b'""afterId"":3340,""beforeId"":0,""goldGain"":0,""participantId"":10,""timestamp"":13507,""type"":""ITEM_UNDO""},{""itemId"":3340,""participantId""'"
95,"b':9,""timestamp"":13574,""type"":""ITEM_PURCHASED""},{""afterId"":0,""beforeId"":3854,""goldGain"":400,""participantId"":10,""timestamp"":13641,""'"
96,"b'type"":""ITEM_UNDO""},{""itemId"":3858,""participantId"":10,""timestamp"":14612,""type"":""ITEM_PURCHASED""},{""itemId"":2003,""participantId"":1'"
97,"b'0,""timestamp"":14949,""type"":""ITEM_PURCHASED""},{""itemId"":1101,""participantId"":7,""timestamp"":15051,""type"":""ITEM_PURCHASED""},{""itemI'"
98,"b'd"":2003,""participantId"":10,""timestamp"":15051,""type"":""ITEM_PURCHASED""},{""itemId"":1055,""participantId"":6,""timestamp"":15185,""type"":'"
99,"b'""ITEM_PURCHASED""},{""itemId"":2003,""participantId"":7,""timestamp"":15586,""type"":""ITEM_PURCHASED""},{""itemId"":2003,""participantId"":6,""'"
100,"b'timestamp"":15654,""type"":""ITEM_PURCHASED""},{""itemId"":3340,""participantId"":10,""timestamp"":15822,""type"":""ITEM_PURCHASED""},{""itemId""'"
101,"b':3340,""participantId"":6,""timestamp"":15822,""type"":""ITEM_PURCHASED""},{""itemId"":3364,""participantId"":7,""timestamp"":16056,""type"":""IT'"
102,"b'EM_PURCHASED""},{""itemId"":3854,""participantId"":5,""timestamp"":17322,""type"":""ITEM_PURCHASED""},{""itemId"":2003,""participantId"":5,""tim'"
103,"b'estamp"":17322,""type"":""ITEM_PURCHASED""},{""itemId"":2003,""participantId"":5,""timestamp"":17322,""type"":""ITEM_PURCHASED""},{""itemId"":334'"
104,"b'0,""participantId"":5,""timestamp"":17789,""type"":""ITEM_PURCHASED""},{""levelUpType"":""NORMAL"",""participantId"":2,""skillSlot"":2,""timestam'"
105,"b'p"":28775,""type"":""SKILL_LEVEL_UP""},{""levelUpType"":""NORMAL"",""participantId"":7,""skillSlot"":1,""timestamp"":28908,""type"":""SKILL_LEVEL_'"
106,"b'UP""},{""levelUpType"":""NORMAL"",""participantId"":10,""skillSlot"":2,""timestamp"":40332,""type"":""SKILL_LEVEL_UP""},{""itemId"":1083,""partici'"
107,"b'pantId"":4,""timestamp"":44631,""type"":""ITEM_PURCHASED""},{""itemId"":3340,""participantId"":4,""timestamp"":45659,""type"":""ITEM_PURCHASED""}'"
108,"b',{""itemId"":2003,""participantId"":4,""timestamp"":45823,""type"":""ITEM_PURCHASED""},{""creatorId"":10,""timestamp"":53282,""type"":""WARD_PLAC'"
109,"b'ED"",""wardType"":""YELLOW_TRINKET""},{""levelUpType"":""NORMAL"",""participantId"":4,""skillSlot"":1,""timestamp"":54546,""type"":""SKILL_LEVEL_U'"
110,"b'P""}],""participantFrames"":{""1"":{""championStats"":{""abilityHaste"":0,""abilityPower"":0,""armor"":38,""armorPen"":0,""armorPenPercent"":0,""a'"
111,"b'ttackDamage"":70,""attackSpeed"":103,""bonusArmorPenPercent"":0,""bonusMagicPenPercent"":0,""ccReduction"":5,""cooldownReduction"":0,""healt'"
112,"b'h"":690,""healthMax"":690,""healthRegen"":20,""lifesteal"":0,""magicPen"":0,""magicPenPercent"":0,""magicResist"":32,""movementSpeed"":340,""omn'"
113,"b'ivamp"":0,""physicalVamp"":0,""power"":0,""powerMax"":60,""powerRegen"":0,""spellVamp"":0},""currentGold"":0,""damageStats"":{""magicDamageDone""'"
114,"b':0,""magicDamageDoneToChampions"":0,""magicDamageTaken"":0,""physicalDamageDone"":0,""physicalDamageDoneToChampions"":0,""physicalDamageT'"
115,"b'aken"":0,""totalDamageDone"":0,""totalDamageDoneToChampions"":0,""totalDamageTaken"":0,""trueDamageDone"":0,""trueDamageDoneToChampions"":0'"
116,"b',""trueDamageTaken"":0},""goldPerSecond"":0,""jungleMinionsKilled"":0,""level"":1,""minionsKilled"":0,""participantId"":1,""position"":{""x"":32'"
117,"b'71,""y"":10444},""timeEnemySpentControlled"":0,""totalGold"":500,""xp"":0},""2"":{""championStats"":{""abilityHaste"":0,""abilityPower"":0,""armo'"
118,"b'r"":36,""armorPen"":0,""armorPenPercent"":0,""attackDamage"":68,""attackSpeed"":113,""bonusArmorPenPercent"":0,""bonusMagicPenPercent"":0,""cc'"
119,"b'Reduction"":0,""cooldownReduction"":0,""health"":630,""healthMax"":630,""healthRegen"":17,""lifesteal"":0,""magicPen"":0,""magicPenPercent"":0,'"
120,"b'""magicResist"":32,""movementSpeed"":350,""omnivamp"":0,""physicalVamp"":0,""power"":266,""powerMax"":297,""powerRegen"":25,""spellVamp"":0},""cu'"
121,"b'rrentGold"":0,""damageStats"":{""magicDamageDone"":0,""magicDamageDoneToChampions"":0,""magicDamageTaken"":0,""physicalDamageDone"":0,""phys'"
122,"b'icalDamageDoneToChampions"":0,""physicalDamageTaken"":0,""totalDamageDone"":0,""totalDamageDoneToChampions"":0,""totalDamageTaken"":0,""tr'"
123,"b'ueDamageDone"":0,""trueDamageDoneToChampions"":0,""trueDamageTaken"":0},""goldPerSecond"":0,""jungleMinionsKilled"":0,""level"":1,""minionsK'"
124,"b'illed"":0,""participantId"":2,""position"":{""x"":3481,""y"":7802},""timeEnemySpentControlled"":0,""totalGold"":500,""xp"":0},""3"":{""championSta'"
125,"b'ts"":{""abilityHaste"":0,""abilityPower"":0,""armor"":46,""armorPen"":0,""armorPenPercent"":0,""attackDamage"":74,""attackSpeed"":103,""bonusArm'"
126,"b'orPenPercent"":0,""bonusMagicPenPercent"":0,""ccReduction"":0,""cooldownReduction"":0,""health"":650,""healthMax"":650,""healthRegen"":12,""li'"
127,"b'festeal"":0,""magicPen"":0,""magicPenPercent"":0,""magicResist"":28,""movementSpeed"":345,""omnivamp"":0,""physicalVamp"":0,""power"":317,""powe'"
128,"b'rMax"":317,""powerRegen"":14,""spellVamp"":0},""currentGold"":0,""damageStats"":{""magicDamageDone"":0,""magicDamageDoneToChampions"":0,""magi'"
129,"b'cDamageTaken"":0,""physicalDamageDone"":0,""physicalDamageDoneToChampions"":0,""physicalDamageTaken"":0,""totalDamageDone"":0,""totalDamag'"
130,"b'eDoneToChampions"":0,""totalDamageTaken"":0,""trueDamageDone"":0,""trueDamageDoneToChampions"":0,""trueDamageTaken"":0},""goldPerSecond"":0'"
131,"b',""jungleMinionsKilled"":0,""level"":1,""minionsKilled"":0,""participantId"":3,""position"":{""x"":5929,""y"":4997},""timeEnemySpentControlled""'"
132,"b':0,""totalGold"":500,""xp"":0},""4"":{""championStats"":{""abilityHaste"":0,""abilityPower"":0,""armor"":32,""armorPen"":0,""armorPenPercent"":0,""'"
133,"b'attackDamage"":73,""attackSpeed"":110,""bonusArmorPenPercent"":0,""bonusMagicPenPercent"":0,""ccReduction"":0,""cooldownReduction"":0,""heal'"
134,"b'th"":580,""healthMax"":580,""healthRegen"":6,""lifesteal"":0,""magicPen"":0,""magicPenPercent"":0,""magicResist"":30,""movementSpeed"":325,""omn'"
135,"b'ivamp"":0,""physicalVamp"":0,""power"":348,""powerMax"":348,""powerRegen"":13,""spellVamp"":0},""currentGold"":0,""damageStats"":{""magicDamageD'"
136,"b'one"":0,""magicDamageDoneToChampions"":0,""magicDamageTaken"":0,""physicalDamageDone"":0,""physicalDamageDoneToChampions"":0,""physicalDam'"
137,"b'ageTaken"":0,""totalDamageDone"":0,""totalDamageDoneToChampions"":0,""totalDamageTaken"":0,""trueDamageDone"":0,""trueDamageDoneToChampion'"
138,"b's"":0,""trueDamageTaken"":0},""goldPerSecond"":0,""jungleMinionsKilled"":0,""level"":1,""minionsKilled"":0,""participantId"":4,""position"":{""x'"
139,"b'"":7026,""y"":1679},""timeEnemySpentControlled"":0,""totalGold"":500,""xp"":0},""5"":{""championStats"":{""abilityHaste"":0,""abilityPower"":0,""a'"
140,"b'rmor"":40,""armorPen"":0,""armorPenPercent"":0,""attackDamage"":64,""attackSpeed"":100,""bonusArmorPenPercent"":0,""bonusMagicPenPercent"":0,'"
141,"b'""ccReduction"":5,""cooldownReduction"":0,""health"":630,""healthMax"":630,""healthRegen"":21,""lifesteal"":0,""magicPen"":0,""magicPenPercent""'"
142,"b':0,""magicResist"":30,""movementSpeed"":330,""omnivamp"":0,""physicalVamp"":0,""power"":274,""powerMax"":274,""powerRegen"":12,""spellVamp"":0},'"
143,"b'""currentGold"":0,""damageStats"":{""magicDamageDone"":0,""magicDamageDoneToChampions"":0,""magicDamageTaken"":0,""physicalDamageDone"":0,""p'"
144,"b'hysicalDamageDoneToChampions"":0,""physicalDamageTaken"":0,""totalDamageDone"":0,""totalDamageDoneToChampions"":0,""totalDamageTaken"":0,'"
145,"b'""trueDamageDone"":0,""trueDamageDoneToChampions"":0,""trueDamageTaken"":0},""goldPerSecond"":20,""jungleMinionsKilled"":0,""level"":1,""mini'"
146,"b'onsKilled"":0,""participantId"":5,""position"":{""x"":8996,""y"":2207},""timeEnemySpentControlled"":0,""totalGold"":500,""xp"":0},""6"":{""champio'"
147,"b'nStats"":{""abilityHaste"":0,""abilityPower"":0,""armor"":32,""armorPen"":0,""armorPenPercent"":0,""attackDamage"":67,""attackSpeed"":113,""bonu'"
148,"b'sArmorPenPercent"":0,""bonusMagicPenPercent"":0,""ccReduction"":0,""cooldownReduction"":0,""health"":710,""healthMax"":710,""healthRegen"":7,'"
149,"b'""lifesteal"":0,""magicPen"":0,""magicPenPercent"":0,""magicResist"":30,""movementSpeed"":330,""omnivamp"":2,""physicalVamp"":0,""power"":350,""p'"
150,"b'owerMax"":350,""powerRegen"":16,""spellVamp"":0},""currentGold"":0,""damageStats"":{""magicDamageDone"":0,""magicDamageDoneToChampions"":0,""m'"
151,"b'agicDamageTaken"":0,""physicalDamageDone"":0,""physicalDamageDoneToChampions"":0,""physicalDamageTaken"":0,""totalDamageDone"":0,""totalDa'"
152,"b'mageDoneToChampions"":0,""totalDamageTaken"":0,""trueDamageDone"":0,""trueDamageDoneToChampions"":0,""trueDamageTaken"":0},""goldPerSecond'"
153,"b'"":0,""jungleMinionsKilled"":0,""level"":1,""minionsKilled"":0,""participantId"":6,""position"":{""x"":7961,""y"":3523},""timeEnemySpentControll'"
154,"b'ed"":0,""totalGold"":500,""xp"":0},""7"":{""championStats"":{""abilityHaste"":0,""abilityPower"":9,""armor"":38,""armorPen"":0,""armorPenPercent"":'"
155,"b'0,""attackDamage"":58,""attackSpeed"":110,""bonusArmorPenPercent"":0,""bonusMagicPenPercent"":0,""ccReduction"":0,""cooldownReduction"":0,""h'"
156,"b'ealth"":610,""healthMax"":610,""healthRegen"":12,""lifesteal"":0,""magicPen"":0,""magicPenPercent"":0,""magicResist"":30,""movementSpeed"":340,'"
157,"b'""omnivamp"":0,""physicalVamp"":0,""power"":222,""powerMax"":295,""powerRegen"":39,""spellVamp"":0},""currentGold"":0,""damageStats"":{""magicDam'"
158,"b'ageDone"":0,""magicDamageDoneToChampions"":0,""magicDamageTaken"":0,""physicalDamageDone"":0,""physicalDamageDoneToChampions"":0,""physica'"
159,"b'lDamageTaken"":0,""totalDamageDone"":0,""totalDamageDoneToChampions"":0,""totalDamageTaken"":0,""trueDamageDone"":0,""trueDamageDoneToCham'"
160,"b'pions"":0,""trueDamageTaken"":0},""goldPerSecond"":0,""jungleMinionsKilled"":0,""level"":1,""minionsKilled"":0,""participantId"":7,""position""'"
161,"b':{""x"":7795,""y"":3530},""timeEnemySpentControlled"":0,""totalGold"":500,""xp"":0},""8"":{""championStats"":{""abilityHaste"":0,""abilityPower"":'"
162,"b'0,""armor"":34,""armorPen"":0,""armorPenPercent"":0,""attackDamage"":86,""attackSpeed"":100,""bonusArmorPenPercent"":0,""bonusMagicPenPercent'"
163,"b'"":0,""ccReduction"":5,""cooldownReduction"":0,""health"":590,""healthMax"":590,""healthRegen"":12,""lifesteal"":0,""magicPen"":0,""magicPenPerc'"
164,"b'ent"":0,""magicResist"":32,""movementSpeed"":335,""omnivamp"":0,""physicalVamp"":0,""power"":320,""powerMax"":320,""powerRegen"":16,""spellVamp""'"
165,"b':0},""currentGold"":0,""damageStats"":{""magicDamageDone"":0,""magicDamageDoneToChampions"":0,""magicDamageTaken"":0,""physicalDamageDone"":'"
166,"b'0,""physicalDamageDoneToChampions"":0,""physicalDamageTaken"":0,""totalDamageDone"":0,""totalDamageDoneToChampions"":0,""totalDamageTaken'"
167,"b'"":0,""trueDamageDone"":0,""trueDamageDoneToChampions"":0,""trueDamageTaken"":0},""goldPerSecond"":0,""jungleMinionsKilled"":0,""level"":1,""m'"
168,"b'inionsKilled"":0,""participantId"":8,""position"":{""x"":8462,""y"":6460},""timeEnemySpentControlled"":0,""totalGold"":500,""xp"":0},""9"":{""cham'"
169,"b'pionStats"":{""abilityHaste"":0,""abilityPower"":0,""armor"":32,""armorPen"":0,""armorPenPercent"":0,""attackDamage"":70,""attackSpeed"":110,""b'"
170,"b'onusArmorPenPercent"":0,""bonusMagicPenPercent"":0,""ccReduction"":0,""cooldownReduction"":0,""health"":680,""healthMax"":680,""healthRegen""'"
171,"b':6,""lifesteal"":0,""magicPen"":0,""magicPenPercent"":0,""magicResist"":30,""movementSpeed"":335,""omnivamp"":2,""physicalVamp"":0,""power"":349'"
172,"b',""powerMax"":349,""powerRegen"":16,""spellVamp"":0},""currentGold"":0,""damageStats"":{""magicDamageDone"":0,""magicDamageDoneToChampions"":0'"
173,"b',""magicDamageTaken"":0,""physicalDamageDone"":0,""physicalDamageDoneToChampions"":0,""physicalDamageTaken"":0,""totalDamageDone"":0,""tota'"
174,"b'lDamageDoneToChampions"":0,""totalDamageTaken"":0,""trueDamageDone"":0,""trueDamageDoneToChampions"":0,""trueDamageTaken"":0},""goldPerSec'"
175,"b'ond"":0,""jungleMinionsKilled"":0,""level"":1,""minionsKilled"":0,""participantId"":9,""position"":{""x"":8514,""y"":3544},""timeEnemySpentContr'"
176,"b'olled"":0,""totalGold"":500,""xp"":0},""10"":{""championStats"":{""abilityHaste"":0,""abilityPower"":5,""armor"":48,""armorPen"":0,""armorPenPerce'"
177,"b'nt"":0,""attackDamage"":55,""attackSpeed"":100,""bonusArmorPenPercent"":0,""bonusMagicPenPercent"":0,""ccReduction"":0,""cooldownReduction"":'"
178,"b'0,""health"":640,""healthMax"":640,""healthRegen"":22,""lifesteal"":0,""magicPen"":0,""magicPenPercent"":0,""magicResist"":30,""movementSpeed"":'"
179,"b'330,""omnivamp"":0,""physicalVamp"":0,""power"":331,""powerMax"":350,""powerRegen"":12,""spellVamp"":0},""currentGold"":0,""damageStats"":{""magi'"
180,"b'cDamageDone"":0,""magicDamageDoneToChampions"":0,""magicDamageTaken"":0,""physicalDamageDone"":0,""physicalDamageDoneToChampions"":0,""phy'"
181,"b'sicalDamageTaken"":0,""totalDamageDone"":0,""totalDamageDoneToChampions"":0,""totalDamageTaken"":0,""trueDamageDone"":0,""trueDamageDoneTo'"
182,"b'Champions"":0,""trueDamageTaken"":0},""goldPerSecond"":20,""jungleMinionsKilled"":0,""level"":1,""minionsKilled"":0,""participantId"":10,""pos'"
183,"b'ition"":{""x"":8037,""y"":3421},""timeEnemySpentControlled"":0,""totalGold"":500,""xp"":0}},""timestamp"":60026},{""events"":[{""creatorId"":4,""t'"
184,"b'imestamp"":66652,""type"":""WARD_PLACED"",""wardType"":""YELLOW_TRINKET""},{""levelUpType"":""NORMAL"",""participantId"":5,""skillSlot"":3,""times'"
185,"b'tamp"":89638,""type"":""SKILL_LEVEL_UP""},{""creatorId"":6,""timestamp"":94269,""type"":""WARD_PLACED"",""wardType"":""YELLOW_TRINKET""},{""level""'"
186,"b':2,""participantId"":7,""timestamp"":101108,""type"":""LEVEL_UP""},{""levelUpType"":""NORMAL"",""participantId"":7,""skillSlot"":3,""timestamp"":1'"
187,"b'01912,""type"":""SKILL_LEVEL_UP""},{""levelUpType"":""NORMAL"",""participantId"":3,""skillSlot"":1,""timestamp"":103610,""type"":""SKILL_LEVEL_UP'"
188,"b'""},{""levelUpType"":""NORMAL"",""participantId"":6,""skillSlot"":1,""timestamp"":105673,""type"":""SKILL_LEVEL_UP""},{""levelUpType"":""NORMAL"",""'"
189,"b'participantId"":8,""skillSlot"":1,""timestamp"":105873,""type"":""SKILL_LEVEL_UP""},{""level"":2,""participantId"":2,""timestamp"":107245,""type'"
190,"b'"":""LEVEL_UP""},{""levelUpType"":""NORMAL"",""participantId"":2,""skillSlot"":1,""timestamp"":108180,""type"":""SKILL_LEVEL_UP""},{""creatorId"":3'"
191,"b',""timestamp"":110990,""type"":""WARD_PLACED"",""wardType"":""YELLOW_TRINKET""},{""levelUpType"":""NORMAL"",""participantId"":9,""skillSlot"":1,""t'"
192,"b'imestamp"":114665,""type"":""SKILL_LEVEL_UP""}],""participantFrames"":{""1"":{""championStats"":{""abilityHaste"":0,""abilityPower"":0,""armor"":'"
193,"b'38,""armorPen"":0,""armorPenPercent"":0,""attackDamage"":70,""attackSpeed"":103,""bonusArmorPenPercent"":0,""bonusMagicPenPercent"":0,""ccRed'"
194,"b'uction"":5,""cooldownReduction"":0,""health"":690,""healthMax"":690,""healthRegen"":20,""lifesteal"":0,""magicPen"":0,""magicPenPercent"":0,""ma'"
195,"b'gicResist"":32,""movementSpeed"":340,""omnivamp"":0,""physicalVamp"":0,""power"":0,""powerMax"":60,""powerRegen"":0,""spellVamp"":0},""currentGo'"
196,"b'ld"":84,""damageStats"":{""magicDamageDone"":0,""magicDamageDoneToChampions"":0,""magicDamageTaken"":0,""physicalDamageDone"":511,""physical'"
197,"b'DamageDoneToChampions"":0,""physicalDamageTaken"":4,""totalDamageDone"":511,""totalDamageDoneToChampions"":0,""totalDamageTaken"":4,""true'"
198,"b'DamageDone"":0,""trueDamageDoneToChampions"":0,""trueDamageTaken"":0},""goldPerSecond"":0,""jungleMinionsKilled"":0,""level"":1,""minionsKil'"
199,"b'led"":3,""participantId"":1,""position"":{""x"":2070,""y"":12349},""timeEnemySpentControlled"":0,""totalGold"":584,""xp"":185},""2"":{""championSt'"
200,"b'ats"":{""abilityHaste"":0,""abilityPower"":0,""armor"":38,""armorPen"":0,""armorPenPercent"":0,""attackDamage"":70,""attackSpeed"":115,""bonusAr'"
201,"b'morPenPercent"":0,""bonusMagicPenPercent"":0,""ccReduction"":0,""cooldownReduction"":0,""health"":608,""healthMax"":701,""healthRegen"":17,""l'"
202,"b'ifesteal"":0,""magicPen"":0,""magicPenPercent"":0,""magicResist"":33,""movementSpeed"":345,""omnivamp"":0,""physicalVamp"":0,""power"":325,""pow'"
203,"b'erMax"":325,""powerRegen"":97,""spellVamp"":0},""currentGold"":111,""damageStats"":{""magicDamageDone"":1645,""magicDamageDoneToChampions"":0'"
204,"b',""magicDamageTaken"":231,""physicalDamageDone"":1766,""physicalDamageDoneToChampions"":0,""physicalDamageTaken"":141,""totalDamageDone"":'"
205,"b'3891,""totalDamageDoneToChampions"":0,""totalDamageTaken"":373,""trueDamageDone"":479,""trueDamageDoneToChampions"":0,""trueDamageTaken"":'"
206,"b'0},""goldPerSecond"":0,""jungleMinionsKilled"":4,""level"":2,""minionsKilled"":0,""participantId"":2,""position"":{""x"":2452,""y"":8444},""timeE'"
207,"b'nemySpentControlled"":10413,""totalGold"":611,""xp"":325},""3"":{""championStats"":{""abilityHaste"":0,""abilityPower"":0,""armor"":46,""armorPe'"
208,"b'n"":0,""armorPenPercent"":0,""attackDamage"":77,""attackSpeed"":103,""bonusArmorPenPercent"":0,""bonusMagicPenPercent"":0,""ccReduction"":0,""'"
209,"b'cooldownReduction"":0,""health"":597,""healthMax"":650,""healthRegen"":12,""lifesteal"":0,""magicPen"":0,""magicPenPercent"":0,""magicResist"":'"
210,"b'28,""movementSpeed"":345,""omnivamp"":0,""physicalVamp"":0,""power"":289,""powerMax"":317,""powerRegen"":14,""spellVamp"":0},""currentGold"":84,'"
211,"b'""damageStats"":{""magicDamageDone"":0,""magicDamageDoneToChampions"":0,""magicDamageTaken"":0,""physicalDamageDone"":427,""physicalDamageD'"
212,"b'oneToChampions"":55,""physicalDamageTaken"":59,""totalDamageDone"":427,""totalDamageDoneToChampions"":55,""totalDamageTaken"":59,""trueDam'"
213,"b'ageDone"":0,""trueDamageDoneToChampions"":0,""trueDamageTaken"":0},""goldPerSecond"":0,""jungleMinionsKilled"":0,""level"":1,""minionsKilled'"
214,"b'"":3,""participantId"":3,""position"":{""x"":6601,""y"":6964},""timeEnemySpentControlled"":0,""totalGold"":584,""xp"":215},""4"":{""championStats""'"
215,"b':{""abilityHaste"":0,""abilityPower"":0,""armor"":32,""armorPen"":0,""armorPenPercent"":0,""attackDamage"":73,""attackSpeed"":110,""bonusArmorP'"
216,"b'enPercent"":0,""bonusMagicPenPercent"":0,""ccReduction"":0,""cooldownReduction"":0,""health"":580,""healthMax"":580,""healthRegen"":6,""lifest'"
217,"b'eal"":0,""magicPen"":0,""magicPenPercent"":0,""magicResist"":30,""movementSpeed"":325,""omnivamp"":0,""physicalVamp"":0,""power"":348,""powerMax'"
218,"b'"":348,""powerRegen"":13,""spellVamp"":0},""currentGold"":65,""damageStats"":{""magicDamageDone"":0,""magicDamageDoneToChampions"":0,""magicDa'"
219,"b'mageTaken"":0,""physicalDamageDone"":147,""physicalDamageDoneToChampions"":0,""physicalDamageTaken"":0,""totalDamageDone"":147,""totalDama'"
220,"b'geDoneToChampions"":0,""totalDamageTaken"":0,""trueDamageDone"":0,""trueDamageDoneToChampions"":0,""trueDamageTaken"":0},""goldPerSecond"":'"
221,"b'0,""jungleMinionsKilled"":0,""level"":1,""minionsKilled"":2,""participantId"":4,""position"":{""x"":12038,""y"":2192},""timeEnemySpentControlle'"
222,"b'd"":0,""totalGold"":565,""xp"":113},""5"":{""championStats"":{""abilityHaste"":0,""abilityPower"":0,""armor"":40,""armorPen"":0,""armorPenPercent""'"
223,"b':0,""attackDamage"":64,""attackSpeed"":100,""bonusArmorPenPercent"":0,""bonusMagicPenPercent"":0,""ccReduction"":5,""cooldownReduction"":0,""'"
224,"b'health"":630,""healthMax"":630,""healthRegen"":21,""lifesteal"":0,""magicPen"":0,""magicPenPercent"":0,""magicResist"":30,""movementSpeed"":330'"
225,"b',""omnivamp"":0,""physicalVamp"":0,""power"":274,""powerMax"":274,""powerRegen"":12,""spellVamp"":0},""currentGold"":23,""damageStats"":{""magicD'"
226,"b'amageDone"":0,""magicDamageDoneToChampions"":0,""magicDamageTaken"":0,""physicalDamageDone"":0,""physicalDamageDoneToChampions"":0,""physi'"
227,"b'calDamageTaken"":0,""totalDamageDone"":0,""totalDamageDoneToChampions"":0,""totalDamageTaken"":0,""trueDamageDone"":0,""trueDamageDoneToCh'"
228,"b'ampions"":0,""trueDamageTaken"":0},""goldPerSecond"":20,""jungleMinionsKilled"":0,""level"":1,""minionsKilled"":0,""participantId"":5,""positi'"
229,"b'on"":{""x"":12033,""y"":2025},""timeEnemySpentControlled"":0,""totalGold"":523,""xp"":113},""6"":{""championStats"":{""abilityHaste"":0,""abilityP'"
230,"b'ower"":0,""armor"":32,""armorPen"":0,""armorPenPercent"":0,""attackDamage"":67,""attackSpeed"":113,""bonusArmorPenPercent"":0,""bonusMagicPenP'"
231,"b'ercent"":0,""ccReduction"":0,""cooldownReduction"":0,""health"":710,""healthMax"":710,""healthRegen"":7,""lifesteal"":0,""magicPen"":0,""magicPe'"
232,"b'nPercent"":0,""magicResist"":30,""movementSpeed"":352,""omnivamp"":2,""physicalVamp"":0,""power"":305,""powerMax"":350,""powerRegen"":16,""spell'"
233,"b'Vamp"":0},""currentGold"":98,""damageStats"":{""magicDamageDone"":10,""magicDamageDoneToChampions"":0,""magicDamageTaken"":0,""physicalDamag'"
234,"b'eDone"":567,""physicalDamageDoneToChampions"":0,""physicalDamageTaken"":0,""totalDamageDone"":577,""totalDamageDoneToChampions"":0,""total'"
235,"b'DamageTaken"":0,""trueDamageDone"":0,""trueDamageDoneToChampions"":0,""trueDamageTaken"":0},""goldPerSecond"":0,""jungleMinionsKilled"":0,""'"
236,"b'level"":1,""minionsKilled"":4,""participantId"":6,""position"":{""x"":2760,""y"":12997},""timeEnemySpentControlled"":0,""totalGold"":598,""xp"":2'"
237,"b'15},""7"":{""championStats"":{""abilityHaste"":0,""abilityPower"":9,""armor"":41,""armorPen"":0,""armorPenPercent"":0,""attackDamage"":60,""attac'"
238,"b'kSpeed"":132,""bonusArmorPenPercent"":0,""bonusMagicPenPercent"":0,""ccReduction"":0,""cooldownReduction"":0,""health"":479,""healthMax"":688'"
239,"b',""healthRegen"":19,""lifesteal"":0,""magicPen"":0,""magicPenPercent"":0,""magicResist"":30,""movementSpeed"":340,""omnivamp"":0,""physicalVamp'"
240,"b'"":0,""power"":222,""powerMax"":327,""powerRegen"":51,""spellVamp"":0},""currentGold"":186,""damageStats"":{""magicDamageDone"":2104,""magicDama'"
241,"b'geDoneToChampions"":0,""magicDamageTaken"":0,""physicalDamageDone"":1093,""physicalDamageDoneToChampions"":0,""physicalDamageTaken"":729,'"
242,"b'""totalDamageDone"":5413,""totalDamageDoneToChampions"":0,""totalDamageTaken"":729,""trueDamageDone"":2214,""trueDamageDoneToChampions"":0'"
243,"b',""trueDamageTaken"":0},""goldPerSecond"":0,""jungleMinionsKilled"":8,""level"":2,""minionsKilled"":0,""participantId"":7,""position"":{""x"":77'"
244,"b'20,""y"":5571},""timeEnemySpentControlled"":21202,""totalGold"":686,""xp"":475},""8"":{""championStats"":{""abilityHaste"":0,""abilityPower"":0,'"
245,"b'""armor"":34,""armorPen"":0,""armorPenPercent"":0,""attackDamage"":89,""attackSpeed"":100,""bonusArmorPenPercent"":0,""bonusMagicPenPercent"":'"
246,"b'0,""ccReduction"":5,""cooldownReduction"":0,""health"":540,""healthMax"":590,""healthRegen"":12,""lifesteal"":0,""magicPen"":0,""magicPenPercen'"
247,"b't"":0,""magicResist"":32,""movementSpeed"":335,""omnivamp"":0,""physicalVamp"":0,""power"":277,""powerMax"":320,""powerRegen"":16,""spellVamp"":0'"
248,"b'},""currentGold"":56,""damageStats"":{""magicDamageDone"":0,""magicDamageDoneToChampions"":0,""magicDamageTaken"":0,""physicalDamageDone"":2'"
249,"b'57,""physicalDamageDoneToChampions"":59,""physicalDamageTaken"":55,""totalDamageDone"":257,""totalDamageDoneToChampions"":59,""totalDamag'"
250,"b'eTaken"":55,""trueDamageDone"":0,""trueDamageDoneToChampions"":0,""trueDamageTaken"":0},""goldPerSecond"":0,""jungleMinionsKilled"":0,""leve'"
251,"b'l"":1,""minionsKilled"":2,""participantId"":8,""position"":{""x"":7487,""y"":7521},""timeEnemySpentControlled"":0,""totalGold"":556,""xp"":215},""'"
252,"b'9"":{""championStats"":{""abilityHaste"":0,""abilityPower"":0,""armor"":32,""armorPen"":0,""armorPenPercent"":0,""attackDamage"":70,""attackSpee'"
253,"b'd"":110,""bonusArmorPenPercent"":0,""bonusMagicPenPercent"":0,""ccReduction"":0,""cooldownReduction"":0,""health"":680,""healthMax"":680,""hea'"
254,"b'lthRegen"":6,""lifesteal"":0,""magicPen"":0,""magicPenPercent"":0,""magicResist"":30,""movementSpeed"":335,""omnivamp"":2,""physicalVamp"":0,""p'"
255,"b'ower"":327,""powerMax"":349,""powerRegen"":16,""spellVamp"":0},""currentGold"":84,""damageStats"":{""magicDamageDone"":0,""magicDamageDoneToCh'"
256,"b'ampions"":0,""magicDamageTaken"":0,""physicalDamageDone"":560,""physicalDamageDoneToChampions"":0,""physicalDamageTaken"":0,""totalDamageD'"
257,"b'one"":560,""totalDamageDoneToChampions"":0,""totalDamageTaken"":0,""trueDamageDone"":0,""trueDamageDoneToChampions"":0,""trueDamageTaken"":'"
258,"b'0},""goldPerSecond"":0,""jungleMinionsKilled"":0,""level"":1,""minionsKilled"":3,""participantId"":9,""position"":{""x"":13189,""y"":2569},""time'"
259,"b'EnemySpentControlled"":0,""totalGold"":584,""xp"":113},""10"":{""championStats"":{""abilityHaste"":0,""abilityPower"":5,""armor"":53,""armorPen""'"
260,"b':0,""armorPenPercent"":0,""attackDamage"":55,""attackSpeed"":130,""bonusArmorPenPercent"":0,""bonusMagicPenPercent"":0,""ccReduction"":0,""co'"
261,"b'oldownReduction"":0,""health"":640,""healthMax"":640,""healthRegen"":22,""lifesteal"":0,""magicPen"":0,""magicPenPercent"":0,""magicResist"":33'"
262,"b',""movementSpeed"":297,""omnivamp"":0,""physicalVamp"":0,""power"":314,""powerMax"":350,""powerRegen"":12,""spellVamp"":0},""currentGold"":23,""d'"
263,"b'amageStats"":{""magicDamageDone"":0,""magicDamageDoneToChampions"":0,""magicDamageTaken"":0,""physicalDamageDone"":232,""physicalDamageDon'"
264,"b'eToChampions"":0,""physicalDamageTaken"":0,""totalDamageDone"":232,""totalDamageDoneToChampions"":0,""totalDamageTaken"":0,""trueDamageDon'"
265,"b'e"":0,""trueDamageDoneToChampions"":0,""trueDamageTaken"":0},""goldPerSecond"":20,""jungleMinionsKilled"":0,""level"":1,""minionsKilled"":0,""'"
266,"b'participantId"":10,""position"":{""x"":12919,""y"":1935},""timeEnemySpentControlled"":0,""totalGold"":523,""xp"":113}},""timestamp"":120031},{""'"
267,"b'events"":[{""creatorId"":5,""timestamp"":127460,""type"":""WARD_PLACED"",""wardType"":""YELLOW_TRINKET""},{""level"":2,""participantId"":6,""times'"
268,"b'tamp"":128095,""type"":""LEVEL_UP""},{""levelUpType"":""NORMAL"",""participantId"":6,""skillSlot"":3,""timestamp"":129094,""type"":""SKILL_LEVEL_U'"
269,"b'P""},{""level"":2,""participantId"":8,""timestamp"":129461,""type"":""LEVEL_UP""},{""levelUpType"":""NORMAL"",""participantId"":8,""skillSlot"":2,""'"
270,"b'timestamp"":129826,""type"":""SKILL_LEVEL_UP""},{""level"":2,""participantId"":1,""timestamp"":131922,""type"":""LEVEL_UP""},{""levelUpType"":""NO'"
271,"b'RMAL"",""participantId"":1,""skillSlot"":2,""timestamp"":133020,""type"":""SKILL_LEVEL_UP""},{""level"":2,""participantId"":3,""timestamp"":13555'"
272,"b'5,""type"":""LEVEL_UP""},{""level"":2,""participantId"":5,""timestamp"":141788,""type"":""LEVEL_UP""},{""level"":2,""participantId"":4,""timestamp""'"
273,"b':141788,""type"":""LEVEL_UP""},{""levelUpType"":""NORMAL"",""participantId"":5,""skillSlot"":1,""timestamp"":142722,""type"":""SKILL_LEVEL_UP""},{'"
274,"b'""levelUpType"":""NORMAL"",""participantId"":4,""skillSlot"":1,""timestamp"":143090,""type"":""SKILL_LEVEL_UP""},{""level"":3,""participantId"":2,'"
275,"b'""timestamp"":143123,""type"":""LEVEL_UP""},{""levelUpType"":""NORMAL"",""participantId"":3,""skillSlot"":2,""timestamp"":144283,""type"":""SKILL_L'"
276,"b'EVEL_UP""},{""levelUpType"":""NORMAL"",""participantId"":2,""skillSlot"":3,""timestamp"":145719,""type"":""SKILL_LEVEL_UP""},{""level"":2,""partic'"
277,"b'ipantId"":9,""timestamp"":150447,""type"":""LEVEL_UP""},{""level"":2,""participantId"":10,""timestamp"":150447,""type"":""LEVEL_UP""},{""levelUpTy'"
278,"b'pe"":""NORMAL"",""participantId"":10,""skillSlot"":1,""timestamp"":151414,""type"":""SKILL_LEVEL_UP""},{""levelUpType"":""NORMAL"",""participantId'"
279,"b'"":9,""skillSlot"":3,""timestamp"":154255,""type"":""SKILL_LEVEL_UP""},{""level"":3,""participantId"":6,""timestamp"":160532,""type"":""LEVEL_UP""}'"
280,"b',{""level"":3,""participantId"":7,""timestamp"":161834,""type"":""LEVEL_UP""},{""levelUpType"":""NORMAL"",""participantId"":7,""skillSlot"":2,""tim'"
281,"b'estamp"":163232,""type"":""SKILL_LEVEL_UP""},{""creatorId"":7,""timestamp"":163899,""type"":""WARD_PLACED"",""wardType"":""UNDEFINED""},{""level"":'"
282,"b'3,""participantId"":3,""timestamp"":163998,""type"":""LEVEL_UP""},{""levelUpType"":""NORMAL"",""participantId"":3,""skillSlot"":3,""timestamp"":16'"
283,"b'4796,""type"":""SKILL_LEVEL_UP""},{""level"":3,""participantId"":1,""timestamp"":165535,""type"":""LEVEL_UP""},{""levelUpType"":""NORMAL"",""partic'"
284,"b'ipantId"":6,""skillSlot"":1,""timestamp"":165635,""type"":""SKILL_LEVEL_UP""},{""levelUpType"":""NORMAL"",""participantId"":1,""skillSlot"":3,""ti'"
285,"b'mestamp"":166605,""type"":""SKILL_LEVEL_UP""},{""level"":3,""participantId"":8,""timestamp"":167910,""type"":""LEVEL_UP""},{""levelUpType"":""NORM'"
286,"b'AL"",""participantId"":8,""skillSlot"":3,""timestamp"":169044,""type"":""SKILL_LEVEL_UP""},{""creatorId"":7,""timestamp"":177514,""type"":""WARD_P'"
287,"b'LACED"",""wardType"":""UNDEFINED""}],""participantFrames"":{""1"":{""championStats"":{""abilityHaste"":0,""abilityPower"":0,""armor"":44,""armorPe'"
288,"b'n"":0,""armorPenPercent"":0,""attackDamage"":86,""attackSpeed"":130,""bonusArmorPenPercent"":0,""bonusMagicPenPercent"":0,""ccReduction"":14,'"
289,"b'""cooldownReduction"":0,""health"":557,""healthMax"":836,""healthRegen"":21,""lifesteal"":0,""magicPen"":0,""magicPenPercent"":0,""magicResist""'"
290,"b':35,""movementSpeed"":340,""omnivamp"":0,""physicalVamp"":0,""power"":0,""powerMax"":60,""powerRegen"":0,""spellVamp"":0},""currentGold"":290,""d'"
291,"b'amageStats"":{""magicDamageDone"":772,""magicDamageDoneToChampions"":122,""magicDamageTaken"":27,""physicalDamageDone"":1979,""physicalDam'"
292,"b'ageDoneToChampions"":267,""physicalDamageTaken"":365,""totalDamageDone"":2751,""totalDamageDoneToChampions"":390,""totalDamageTaken"":393'"
293,"b',""trueDamageDone"":0,""trueDamageDoneToChampions"":0,""trueDamageTaken"":0},""goldPerSecond"":0,""jungleMinionsKilled"":0,""level"":3,""mini'"
294,"b'onsKilled"":8,""participantId"":1,""position"":{""x"":1811,""y"":11996},""timeEnemySpentControlled"":22487,""totalGold"":790,""xp"":706},""2"":{""'"
295,"b'championStats"":{""abilityHaste"":0,""abilityPower"":0,""armor"":41,""armorPen"":0,""armorPenPercent"":0,""attackDamage"":72,""attackSpeed"":11'"
296,"b'7,""bonusArmorPenPercent"":0,""bonusMagicPenPercent"":0,""ccReduction"":0,""cooldownReduction"":0,""health"":627,""healthMax"":776,""healthRe'"
297,"b'gen"":18,""lifesteal"":0,""magicPen"":0,""magicPenPercent"":0,""magicResist"":35,""movementSpeed"":345,""omnivamp"":0,""physicalVamp"":0,""power'"
298,"b'"":356,""powerMax"":356,""powerRegen"":101,""spellVamp"":0},""currentGold"":398,""damageStats"":{""magicDamageDone"":2873,""magicDamageDoneToC'"
299,"b'hampions"":0,""magicDamageTaken"":307,""physicalDamageDone"":3983,""physicalDamageDoneToChampions"":0,""physicalDamageTaken"":580,""totalD'"
300,"b'amageDone"":8776,""totalDamageDoneToChampions"":0,""totalDamageTaken"":887,""trueDamageDone"":1919,""trueDamageDoneToChampions"":0,""trueD'"
301,"b'amageTaken"":0},""goldPerSecond"":0,""jungleMinionsKilled"":12,""level"":3,""minionsKilled"":0,""participantId"":2,""position"":{""x"":11353,""y'"
302,"b'"":6601},""timeEnemySpentControlled"":26540,""totalGold"":898,""xp"":685},""3"":{""championStats"":{""abilityHaste"":0,""abilityPower"":0,""armo'"
303,"b'r"":53,""armorPen"":0,""armorPenPercent"":0,""attackDamage"":82,""attackSpeed"":107,""bonusArmorPenPercent"":0,""bonusMagicPenPercent"":0,""cc'"
304,"b'Reduction"":0,""cooldownReduction"":0,""health"":637,""healthMax"":810,""healthRegen"":13,""lifesteal"":0,""magicPen"":0,""magicPenPercent"":0,'"
305,"b'""magicResist"":31,""movementSpeed"":345,""omnivamp"":0,""physicalVamp"":0,""power"":252,""powerMax"":362,""powerRegen"":16,""spellVamp"":0},""cu'"
306,"b'rrentGold"":483,""damageStats"":{""magicDamageDone"":0,""magicDamageDoneToChampions"":0,""magicDamageTaken"":15,""physicalDamageDone"":3503'"
307,"b',""physicalDamageDoneToChampions"":155,""physicalDamageTaken"":241,""totalDamageDone"":3503,""totalDamageDoneToChampions"":155,""totalDam'"
308,"b'ageTaken"":257,""trueDamageDone"":0,""trueDamageDoneToChampions"":0,""trueDamageTaken"":0},""goldPerSecond"":0,""jungleMinionsKilled"":0,""l'"
309,"b'evel"":3,""minionsKilled"":17,""participantId"":3,""position"":{""x"":8109,""y"":7584},""timeEnemySpentControlled"":0,""totalGold"":983,""xp"":92'"
310,"b'4},""4"":{""championStats"":{""abilityHaste"":0,""abilityPower"":0,""armor"":35,""armorPen"":0,""armorPenPercent"":0,""attackDamage"":81,""attack'"
311,"b'Speed"":111,""bonusArmorPenPercent"":0,""bonusMagicPenPercent"":0,""ccReduction"":0,""cooldownReduction"":0,""health"":558,""healthMax"":653,'"
312,"b'""healthRegen"":7,""lifesteal"":0,""magicPen"":0,""magicPenPercent"":0,""magicResist"":30,""movementSpeed"":325,""omnivamp"":0,""physicalVamp"":'"
313,"b'0,""power"":238,""powerMax"":378,""powerRegen"":13,""spellVamp"":0},""currentGold"":478,""damageStats"":{""magicDamageDone"":0,""magicDamageDon'"
314,"b'eToChampions"":0,""magicDamageTaken"":0,""physicalDamageDone"":1426,""physicalDamageDoneToChampions"":372,""physicalDamageTaken"":210,""to'"
315,"b'talDamageDone"":1426,""totalDamageDoneToChampions"":372,""totalDamageTaken"":210,""trueDamageDone"":0,""trueDamageDoneToChampions"":0,""tr'"
316,"b'ueDamageTaken"":0},""goldPerSecond"":0,""jungleMinionsKilled"":0,""level"":2,""minionsKilled"":16,""participantId"":4,""position"":{""x"":13670'"
317,"b',""y"":3167},""timeEnemySpentControlled"":0,""totalGold"":978,""xp"":564},""5"":{""championStats"":{""abilityHaste"":0,""abilityPower"":1,""armor'"
318,"b'"":41,""armorPen"":0,""armorPenPercent"":0,""attackDamage"":65,""attackSpeed"":102,""bonusArmorPenPercent"":0,""bonusMagicPenPercent"":0,""ccR'"
319,"b'eduction"":5,""cooldownReduction"":0,""health"":704,""healthMax"":716,""healthRegen"":22,""lifesteal"":0,""magicPen"":0,""magicPenPercent"":0,""'"
320,"b'magicResist"":30,""movementSpeed"":330,""omnivamp"":0,""physicalVamp"":0,""power"":208,""powerMax"":305,""powerRegen"":13,""spellVamp"":0},""cur'"
321,"b'rentGold"":259,""damageStats"":{""magicDamageDone"":328,""magicDamageDoneToChampions"":221,""magicDamageTaken"":0,""physicalDamageDone"":28'"
322,"b'2,""physicalDamageDoneToChampions"":87,""physicalDamageTaken"":75,""totalDamageDone"":866,""totalDamageDoneToChampions"":308,""totalDamag'"
323,"b'eTaken"":75,""trueDamageDone"":255,""trueDamageDoneToChampions"":0,""trueDamageTaken"":0},""goldPerSecond"":20,""jungleMinionsKilled"":0,""l'"
324,"b'evel"":2,""minionsKilled"":3,""participantId"":5,""position"":{""x"":13201,""y"":2942},""timeEnemySpentControlled"":2508,""totalGold"":759,""xp""'"
325,"b':564},""6"":{""championStats"":{""abilityHaste"":0,""abilityPower"":0,""armor"":38,""armorPen"":0,""armorPenPercent"":0,""attackDamage"":70,""att'"
326,"b'ackSpeed"":118,""bonusArmorPenPercent"":0,""bonusMagicPenPercent"":0,""ccReduction"":0,""cooldownReduction"":0,""health"":570,""healthMax"":8'"
327,"b'63,""healthRegen"":9,""lifesteal"":0,""magicPen"":0,""magicPenPercent"":0,""magicResist"":31,""movementSpeed"":361,""omnivamp"":2,""physicalVam'"
328,"b'p"":0,""power"":235,""powerMax"":409,""powerRegen"":18,""spellVamp"":0},""currentGold"":455,""damageStats"":{""magicDamageDone"":152,""magicDama'"
329,"b'geDoneToChampions"":27,""magicDamageTaken"":122,""physicalDamageDone"":3648,""physicalDamageDoneToChampions"":234,""physicalDamageTaken""'"
330,"b':276,""totalDamageDone"":3801,""totalDamageDoneToChampions"":262,""totalDamageTaken"":399,""trueDamageDone"":0,""trueDamageDoneToChampion'"
331,"b's"":0,""trueDamageTaken"":0},""goldPerSecond"":0,""jungleMinionsKilled"":0,""level"":3,""minionsKilled"":15,""participantId"":6,""position"":{""'"
332,"b'x"":1893,""y"":11756},""timeEnemySpentControlled"":0,""totalGold"":955,""xp"":924},""7"":{""championStats"":{""abilityHaste"":0,""abilityPower"":'"
333,"b'9,""armor"":45,""armorPen"":0,""armorPenPercent"":0,""attackDamage"":63,""attackSpeed"":114,""bonusArmorPenPercent"":0,""bonusMagicPenPercent'"
334,"b'"":0,""ccReduction"":0,""cooldownReduction"":0,""health"":625,""healthMax"":770,""healthRegen"":21,""lifesteal"":0,""magicPen"":0,""magicPenPerc'"
335,"b'ent"":0,""magicResist"":31,""movementSpeed"":436,""omnivamp"":0,""physicalVamp"":0,""power"":144,""powerMax"":361,""powerRegen"":89,""spellVamp""'"
336,"b':0},""currentGold"":498,""damageStats"":{""magicDamageDone"":5843,""magicDamageDoneToChampions"":0,""magicDamageTaken"":0,""physicalDamageD'"
337,"b'one"":2364,""physicalDamageDoneToChampions"":0,""physicalDamageTaken"":1567,""totalDamageDone"":12582,""totalDamageDoneToChampions"":0,""t'"
338,"b'otalDamageTaken"":1567,""trueDamageDone"":4374,""trueDamageDoneToChampions"":0,""trueDamageTaken"":0},""goldPerSecond"":0,""jungleMinionsK'"
339,"b'illed"":15,""level"":3,""minionsKilled"":0,""participantId"":7,""position"":{""x"":7012,""y"":11413},""timeEnemySpentControlled"":44646,""totalG'"
340,"b'old"":998,""xp"":835},""8"":{""championStats"":{""abilityHaste"":0,""abilityPower"":0,""armor"":40,""armorPen"":0,""armorPenPercent"":0,""attackDa'"
341,"b'mage"":91,""attackSpeed"":108,""bonusArmorPenPercent"":0,""bonusMagicPenPercent"":0,""ccReduction"":5,""cooldownReduction"":0,""health"":668,'"
342,"b'""healthMax"":778,""healthRegen"":14,""lifesteal"":0,""magicPen"":0,""magicPenPercent"":0,""magicResist"":35,""movementSpeed"":335,""omnivamp"":'"
343,"b'0,""physicalVamp"":0,""power"":203,""powerMax"":393,""powerRegen"":18,""spellVamp"":0},""currentGold"":304,""damageStats"":{""magicDamageDone"":'"
344,"b'96,""magicDamageDoneToChampions"":15,""magicDamageTaken"":0,""physicalDamageDone"":1694,""physicalDamageDoneToChampions"":161,""physicalD'"
345,"b'amageTaken"":170,""totalDamageDone"":1790,""totalDamageDoneToChampions"":177,""totalDamageTaken"":170,""trueDamageDone"":0,""trueDamageDon'"
346,"b'eToChampions"":0,""trueDamageTaken"":0},""goldPerSecond"":0,""jungleMinionsKilled"":0,""level"":3,""minionsKilled"":9,""participantId"":8,""po'"
347,"b'sition"":{""x"":8358,""y"":8207},""timeEnemySpentControlled"":5361,""totalGold"":804,""xp"":732},""9"":{""championStats"":{""abilityHaste"":0,""ab'"
348,"b'ilityPower"":0,""armor"":35,""armorPen"":0,""armorPenPercent"":0,""attackDamage"":72,""attackSpeed"":112,""bonusArmorPenPercent"":0,""bonusMag'"
349,"b'icPenPercent"":0,""ccReduction"":0,""cooldownReduction"":0,""health"":433,""healthMax"":757,""healthRegen"":7,""lifesteal"":0,""magicPen"":0,""m'"
350,"b'agicPenPercent"":0,""magicResist"":30,""movementSpeed"":335,""omnivamp"":2,""physicalVamp"":0,""power"":365,""powerMax"":376,""powerRegen"":17,'"
351,"b'""spellVamp"":0},""currentGold"":269,""damageStats"":{""magicDamageDone"":7,""magicDamageDoneToChampions"":0,""magicDamageTaken"":77,""physic'"
352,"b'alDamageDone"":1085,""physicalDamageDoneToChampions"":53,""physicalDamageTaken"":287,""totalDamageDone"":1093,""totalDamageDoneToChampio'"
353,"b'ns"":53,""totalDamageTaken"":364,""trueDamageDone"":0,""trueDamageDoneToChampions"":0,""trueDamageTaken"":0},""goldPerSecond"":0,""jungleMin'"
354,"b'ionsKilled"":0,""level"":2,""minionsKilled"":7,""participantId"":9,""position"":{""x"":13412,""y"":4134},""timeEnemySpentControlled"":0,""totalG'"
355,"b'old"":769,""xp"":300},""10"":{""championStats"":{""abilityHaste"":0,""abilityPower"":5,""armor"":51,""armorPen"":0,""armorPenPercent"":0,""attackD'"
356,"b'amage"":57,""attackSpeed"":101,""bonusArmorPenPercent"":0,""bonusMagicPenPercent"":0,""ccReduction"":0,""cooldownReduction"":0,""health"":515'"
357,"b',""healthMax"":714,""healthRegen"":24,""lifesteal"":0,""magicPen"":0,""magicPenPercent"":0,""magicResist"":31,""movementSpeed"":330,""omnivamp""'"
358,"b':0,""physicalVamp"":0,""power"":382,""powerMax"":382,""powerRegen"":12,""spellVamp"":0},""currentGold"":157,""damageStats"":{""magicDamageDone""'"
359,"b':0,""magicDamageDoneToChampions"":0,""magicDamageTaken"":144,""physicalDamageDone"":232,""physicalDamageDoneToChampions"":0,""physicalDam'"
360,"b'ageTaken"":176,""totalDamageDone"":232,""totalDamageDoneToChampions"":0,""totalDamageTaken"":320,""trueDamageDone"":0,""trueDamageDoneToCh'"
361,"b'ampions"":0,""trueDamageTaken"":0},""goldPerSecond"":20,""jungleMinionsKilled"":0,""level"":2,""minionsKilled"":0,""participantId"":10,""posit'"
362,"b'ion"":{""x"":13548,""y"":4207},""timeEnemySpentControlled"":0,""totalGold"":657,""xp"":300}},""timestamp"":180061},{""events"":[{""itemId"":2003,'"
363,"b'""participantId"":6,""timestamp"":180211,""type"":""ITEM_DESTROYED""},{""creatorId"":9,""timestamp"":187289,""type"":""WARD_PLACED"",""wardType"":'"
364,"b'""YELLOW_TRINKET""},{""itemId"":2003,""participantId"":9,""timestamp"":188489,""type"":""ITEM_DESTROYED""},{""level"":3,""participantId"":4,""tim'"
365,"b'estamp"":190288,""type"":""LEVEL_UP""},{""level"":3,""participantId"":5,""timestamp"":190288,""type"":""LEVEL_UP""},{""levelUpType"":""NORMAL"",""pa'"
366,"b'rticipantId"":5,""skillSlot"":2,""timestamp"":191190,""type"":""SKILL_LEVEL_UP""},{""killerId"":2,""timestamp"":192385,""type"":""WARD_KILL"",""wa'"
367,"b'rdType"":""YELLOW_TRINKET""},{""level"":4,""participantId"":6,""timestamp"":193148,""type"":""LEVEL_UP""},{""level"":4,""participantId"":3,""times'"
368,"b'tamp"":193382,""type"":""LEVEL_UP""},{""levelUpType"":""NORMAL"",""participantId"":4,""skillSlot"":1,""timestamp"":193448,""type"":""SKILL_LEVEL_U'"
369,"b'P""},{""itemId"":2003,""participantId"":10,""timestamp"":193481,""type"":""ITEM_DESTROYED""},{""levelUpType"":""NORMAL"",""participantId"":3,""ski'"
370,"b'llSlot"":1,""timestamp"":193613,""type"":""SKILL_LEVEL_UP""},{""levelUpType"":""NORMAL"",""participantId"":6,""skillSlot"":3,""timestamp"":194382'"
371,"b',""type"":""SKILL_LEVEL_UP""},{""itemId"":2403,""participantId"":10,""timestamp"":195086,""type"":""ITEM_DESTROYED""},{""itemId"":2003,""particip'"
372,"b'antId"":1,""timestamp"":204023,""type"":""ITEM_DESTROYED""},{""itemId"":2003,""participantId"":5,""timestamp"":204559,""type"":""ITEM_DESTROYED""'"
373,"b'},{""creatorId"":7,""timestamp"":204659,""type"":""WARD_PLACED"",""wardType"":""UNDEFINED""},{""itemId"":2003,""participantId"":10,""timestamp"":2'"
374,"b'05126,""type"":""ITEM_DESTROYED""},{""level"":4,""participantId"":8,""timestamp"":209231,""type"":""LEVEL_UP""},{""levelUpType"":""NORMAL"",""parti'"
375,"b'cipantId"":8,""skillSlot"":1,""timestamp"":210232,""type"":""SKILL_LEVEL_UP""},{""level"":4,""participantId"":1,""timestamp"":212434,""type"":""LE'"
376,"b'VEL_UP""},{""killerId"":4,""laneType"":""BOT_LANE"",""position"":{""x"":13866,""y"":4505},""teamId"":200,""timestamp"":213336,""type"":""TURRET_PLAT'"
377,"b'E_DESTROYED""},{""levelUpType"":""NORMAL"",""participantId"":1,""skillSlot"":2,""timestamp"":213370,""type"":""SKILL_LEVEL_UP""},{""itemId"":2003'"
378,"b',""participantId"":7,""timestamp"":215003,""type"":""ITEM_DESTROYED""},{""level"":3,""participantId"":9,""timestamp"":217402,""type"":""LEVEL_UP""'"
379,"b'},{""level"":3,""participantId"":10,""timestamp"":217402,""type"":""LEVEL_UP""},{""creatorId"":1,""timestamp"":217868,""type"":""WARD_PLACED"",""wa'"
380,"b'rdType"":""YELLOW_TRINKET""},{""creatorId"":7,""timestamp"":218100,""type"":""WARD_PLACED"",""wardType"":""UNDEFINED""},{""levelUpType"":""NORMAL""'"
381,"b',""participantId"":9,""skillSlot"":2,""timestamp"":218134,""type"":""SKILL_LEVEL_UP""},{""levelUpType"":""NORMAL"",""participantId"":10,""skillSl'"
382,"b'ot"":3,""timestamp"":218233,""type"":""SKILL_LEVEL_UP""},{""creatorId"":8,""timestamp"":219704,""type"":""WARD_PLACED"",""wardType"":""YELLOW_TRIN'"
383,"b'KET""},{""itemId"":2003,""participantId"":4,""timestamp"":224168,""type"":""ITEM_DESTROYED""},{""assistingParticipantIds"":[6,7],""bounty"":400'"
384,"b',""killStreakLength"":0,""killerId"":8,""position"":{""x"":2847,""y"":9855},""shutdownBounty"":0,""timestamp"":227444,""type"":""CHAMPION_KILL"",""'"
385,"b'victimDamageDealt"":[{""basic"":false,""magicDamage"":0,""name"":""Belveth"",""participantId"":6,""physicalDamage"":224,""spellName"":""belvethq'"
386,"b'"",""spellSlot"":0,""trueDamage"":0,""type"":""OTHER""},{""basic"":true,""magicDamage"":0,""name"":""Belveth"",""participantId"":6,""physicalDamage""'"
387,"b':68,""spellName"":""belvethbasicattack2"",""spellSlot"":49,""trueDamage"":0,""type"":""OTHER""},{""basic"":true,""magicDamage"":0,""name"":""Belvet'"
388,"b'h"",""participantId"":6,""physicalDamage"":0,""spellName"":""belvethbasicattack"",""spellSlot"":49,""trueDamage"":0,""type"":""OTHER""},{""basic"":'"
389,"b'false,""magicDamage"":93,""name"":""Belveth"",""participantId"":7,""physicalDamage"":0,""spellName"":""belvethw"",""spellSlot"":1,""trueDamage"":0'"
390,"b',""type"":""OTHER""}],""victimDamageReceived"":[{""basic"":false,""magicDamage"":0,""name"":""Nidalee"",""participantId"":7,""physicalDamage"":0,""'"
391,"b'spellName"":""burning"",""spellSlot"":-1,""trueDamage"":23,""type"":""OTHER""},{""basic"":true,""magicDamage"":0,""name"":""Nidalee"",""participantI'"
392,"b'd"":7,""physicalDamage"":43,""spellName"":""nidaleebasicattack2"",""spellSlot"":65,""trueDamage"":0,""type"":""OTHER""},{""basic"":false,""magicDa'"
393,"b'mage"":24,""name"":""Nidalee"",""participantId"":7,""physicalDamage"":0,""spellName"":""bushwhack"",""spellSlot"":1,""trueDamage"":0,""type"":""OTHE'"
394,"b'R""},{""basic"":true,""magicDamage"":0,""name"":""Nidalee"",""participantId"":7,""physicalDamage"":57,""spellName"":""nidaleebasicattack"",""spell'"
395,"b'Slot"":64,""trueDamage"":0,""type"":""OTHER""},{""basic"":false,""magicDamage"":19,""name"":""Akshan"",""participantId"":6,""physicalDamage"":0,""sp'"
396,"b'ellName"":"""",""spellSlot"":-1,""trueDamage"":0,""type"":""OTHER""},{""basic"":false,""magicDamage"":0,""name"":""Akshan"",""participantId"":6,""phys'"
397,"b'icalDamage"":82,""spellName"":""akshaneattack"",""spellSlot"":47,""trueDamage"":0,""type"":""OTHER""},{""basic"":true,""magicDamage"":0,""name"":""A'"
398,"b'kshan"",""participantId"":6,""physicalDamage"":218,""spellName"":""akshanbasicattack"",""spellSlot"":64,""trueDamage"":0,""type"":""OTHER""},{""ba'"
399,"b'sic"":false,""magicDamage"":0,""name"":""Akshan"",""participantId"":6,""physicalDamage"":37,""spellName"":""akshane"",""spellSlot"":2,""trueDamage'"
400,"b'"":0,""type"":""OTHER""},{""basic"":false,""magicDamage"":52,""name"":""Akshan"",""participantId"":6,""physicalDamage"":0,""spellName"":""akshanpass'"
401,"b'ive"",""spellSlot"":63,""trueDamage"":0,""type"":""OTHER""},{""basic"":true,""magicDamage"":0,""name"":""Akshan"",""participantId"":6,""physicalDama'"
402,"b'ge"":26,""spellName"":""akshanpassive"",""spellSlot"":63,""trueDamage"":0,""type"":""OTHER""},{""basic"":false,""magicDamage"":0,""name"":""Akshan"",'"
403,"b'""participantId"":6,""physicalDamage"":0,""spellName"":""summonerdot"",""spellSlot"":4,""trueDamage"":130,""type"":""OTHER""},{""basic"":false,""ma'"
404,"b'gicDamage"":0,""name"":""Akshan"",""participantId"":6,""physicalDamage"":62,""spellName"":""akshanq"",""spellSlot"":0,""trueDamage"":0,""type"":""OT'"
405,"b'HER""},{""basic"":false,""magicDamage"":0,""name"":""Qiyana"",""participantId"":8,""physicalDamage"":22,""spellName"":""qiyanapassive"",""spellSlo'"
406,"b't"":63,""trueDamage"":0,""type"":""OTHER""},{""basic"":false,""magicDamage"":7,""name"":""Qiyana"",""participantId"":8,""physicalDamage"":0,""spellN'"
407,"b'ame"":""qiyanaw"",""spellSlot"":1,""trueDamage"":0,""type"":""OTHER""},{""basic"":false,""magicDamage"":0,""name"":""Qiyana"",""participantId"":8,""ph'"
408,"b'ysicalDamage"":51,""spellName"":""qiyanaq_grass"",""spellSlot"":0,""trueDamage"":0,""type"":""OTHER""}],""victimId"":1},{""killType"":""KILL_FIRST'"
409,"b'_BLOOD"",""killerId"":8,""position"":{""x"":3446,""y"":10030},""timestamp"":227444,""type"":""CHAMPION_SPECIAL_KILL""},{""creatorId"":10,""timesta'"
410,"b'mp"":227878,""type"":""WARD_PLACED"",""wardType"":""YELLOW_TRINKET""},{""killerId"":2,""timestamp"":236441,""type"":""WARD_KILL"",""wardType"":""YEL'"
411,"b'LOW_TRINKET""}],""participantFrames"":{""1"":{""championStats"":{""abilityHaste"":0,""abilityPower"":0,""armor"":48,""armorPen"":0,""armorPenPer'"
412,"b'cent"":0,""attackDamage"":74,""attackSpeed"":103,""bonusArmorPenPercent"":0,""bonusMagicPenPercent"":0,""ccReduction"":5,""cooldownReduction'"
413,"b'"":0,""health"":914,""healthMax"":914,""healthRegen"":22,""lifesteal"":0,""magicPen"":0,""magicPenPercent"":0,""magicResist"":36,""movementSpeed'"
414,"b'"":570,""omnivamp"":0,""physicalVamp"":0,""power"":0,""powerMax"":60,""powerRegen"":0,""spellVamp"":0},""currentGold"":515,""damageStats"":{""magi'"
415,"b'cDamageDone"":1108,""magicDamageDoneToChampions"":216,""magicDamageTaken"":147,""physicalDamageDone"":3410,""physicalDamageDoneToChampio'"
416,"b'ns"":706,""physicalDamageTaken"":1134,""totalDamageDone"":4518,""totalDamageDoneToChampions"":923,""totalDamageTaken"":1434,""trueDamageDo'"
417,"b'ne"":0,""trueDamageDoneToChampions"":0,""trueDamageTaken"":153},""goldPerSecond"":0,""jungleMinionsKilled"":0,""level"":4,""minionsKilled"":1'"
418,"b'2,""participantId"":1,""position"":{""x"":394,""y"":461},""timeEnemySpentControlled"":28947,""totalGold"":1015,""xp"":1324},""2"":{""championStat'"
419,"b's"":{""abilityHaste"":0,""abilityPower"":0,""armor"":41,""armorPen"":0,""armorPenPercent"":0,""attackDamage"":72,""attackSpeed"":118,""bonusArmo'"
420,"b'rPenPercent"":0,""bonusMagicPenPercent"":0,""ccReduction"":0,""cooldownReduction"":0,""health"":776,""healthMax"":776,""healthRegen"":18,""lif'"
421,"b'esteal"":0,""magicPen"":0,""magicPenPercent"":0,""magicResist"":35,""movementSpeed"":350,""omnivamp"":0,""physicalVamp"":0,""power"":289,""power'"
422,"b'Max"":356,""powerRegen"":126,""spellVamp"":0},""currentGold"":737,""damageStats"":{""magicDamageDone"":3022,""magicDamageDoneToChampions"":0,'"
423,"b'""magicDamageTaken"":307,""physicalDamageDone"":5064,""physicalDamageDoneToChampions"":65,""physicalDamageTaken"":754,""totalDamageDone"":'"
424,"b'10829,""totalDamageDoneToChampions"":65,""totalDamageTaken"":1062,""trueDamageDone"":2742,""trueDamageDoneToChampions"":0,""trueDamageTak'"
425,"b'en"":0},""goldPerSecond"":0,""jungleMinionsKilled"":20,""level"":3,""minionsKilled"":2,""participantId"":2,""position"":{""x"":12718,""y"":6105},'"
426,"b'""timeEnemySpentControlled"":47420,""totalGold"":1247,""xp"":1036},""3"":{""championStats"":{""abilityHaste"":0,""abilityPower"":0,""armor"":57,'"
427,"b'""armorPen"":0,""armorPenPercent"":0,""attackDamage"":82,""attackSpeed"":109,""bonusArmorPenPercent"":0,""bonusMagicPenPercent"":0,""ccReduct'"
428,"b'ion"":0,""cooldownReduction"":0,""health"":583,""healthMax"":896,""healthRegen"":14,""lifesteal"":0,""magicPen"":0,""magicPenPercent"":0,""magic'"
429,"b'Resist"":32,""movementSpeed"":345,""omnivamp"":0,""physicalVamp"":0,""power"":216,""powerMax"":387,""powerRegen"":16,""spellVamp"":0},""currentG'"
430,"b'old"":711,""damageStats"":{""magicDamageDone"":0,""magicDamageDoneToChampions"":0,""magicDamageTaken"":81,""physicalDamageDone"":4351,""phys'"
431,"b'icalDamageDoneToChampions"":257,""physicalDamageTaken"":504,""totalDamageDone"":4481,""totalDamageDoneToChampions"":387,""totalDamageTak'"
432,"b'en"":585,""trueDamageDone"":130,""trueDamageDoneToChampions"":130,""trueDamageTaken"":0},""goldPerSecond"":0,""jungleMinionsKilled"":0,""lev'"
433,"b'el"":4,""minionsKilled"":23,""participantId"":3,""position"":{""x"":1819,""y"":11985},""timeEnemySpentControlled"":1103,""totalGold"":1211,""xp""'"
434,"b':1231},""4"":{""championStats"":{""abilityHaste"":0,""abilityPower"":0,""armor"":38,""armorPen"":0,""armorPenPercent"":0,""attackDamage"":89,""at'"
435,"b'tackSpeed"":113,""bonusArmorPenPercent"":0,""bonusMagicPenPercent"":0,""ccReduction"":0,""cooldownReduction"":0,""health"":682,""healthMax"":'"
436,"b'730,""healthRegen"":8,""lifesteal"":0,""magicPen"":0,""magicPenPercent"":0,""magicResist"":31,""movementSpeed"":325,""omnivamp"":0,""physicalVa'"
437,"b'mp"":0,""power"":175,""powerMax"":409,""powerRegen"":14,""spellVamp"":0},""currentGold"":888,""damageStats"":{""magicDamageDone"":0,""magicDamag'"
438,"b'eDoneToChampions"":0,""magicDamageTaken"":0,""physicalDamageDone"":3993,""physicalDamageDoneToChampions"":908,""physicalDamageTaken"":473'"
439,"b',""totalDamageDone"":3993,""totalDamageDoneToChampions"":908,""totalDamageTaken"":473,""trueDamageDone"":0,""trueDamageDoneToChampions"":0'"
440,"b',""trueDamageTaken"":0},""goldPerSecond"":0,""jungleMinionsKilled"":0,""level"":3,""minionsKilled"":27,""participantId"":4,""position"":{""x"":1'"
441,"b'3264,""y"":3577},""timeEnemySpentControlled"":0,""totalGold"":1388,""xp"":898},""5"":{""championStats"":{""abilityHaste"":0,""abilityPower"":4,""'"
442,"b'armor"":44,""armorPen"":0,""armorPenPercent"":0,""attackDamage"":67,""attackSpeed"":105,""bonusArmorPenPercent"":0,""bonusMagicPenPercent"":0'"
443,"b',""ccReduction"":13,""cooldownReduction"":0,""health"":562,""healthMax"":807,""healthRegen"":23,""lifesteal"":0,""magicPen"":0,""magicPenPercen'"
444,"b't"":0,""magicResist"":31,""movementSpeed"":330,""omnivamp"":0,""physicalVamp"":0,""power"":196,""powerMax"":338,""powerRegen"":14,""spellVamp"":0'"
445,"b'},""currentGold"":523,""damageStats"":{""magicDamageDone"":586,""magicDamageDoneToChampions"":279,""magicDamageTaken"":37,""physicalDamageD'"
446,"b'one"":870,""physicalDamageDoneToChampions"":87,""physicalDamageTaken"":502,""totalDamageDone"":1910,""totalDamageDoneToChampions"":367,""t'"
447,"b'otalDamageTaken"":540,""trueDamageDone"":453,""trueDamageDoneToChampions"":0,""trueDamageTaken"":0},""goldPerSecond"":20,""jungleMinionsKi'"
448,"b'lled"":0,""level"":3,""minionsKilled"":5,""participantId"":5,""position"":{""x"":13359,""y"":3516},""timeEnemySpentControlled"":5678,""totalGold'"
449,"b'"":1023,""xp"":898},""6"":{""championStats"":{""abilityHaste"":0,""abilityPower"":0,""armor"":41,""armorPen"":0,""armorPenPercent"":0,""attackDama'"
450,"b'ge"":73,""attackSpeed"":123,""bonusArmorPenPercent"":0,""bonusMagicPenPercent"":0,""ccReduction"":0,""cooldownReduction"":0,""health"":172,""h'"
451,"b'ealthMax"":945,""healthRegen"":10,""lifesteal"":0,""magicPen"":0,""magicPenPercent"":0,""magicResist"":32,""movementSpeed"":330,""omnivamp"":2,'"
452,"b'""physicalVamp"":0,""power"":254,""powerMax"":440,""powerRegen"":19,""spellVamp"":0},""currentGold"":762,""damageStats"":{""magicDamageDone"":28'"
453,"b'5,""magicDamageDoneToChampions"":115,""magicDamageTaken"":122,""physicalDamageDone"":5000,""physicalDamageDoneToChampions"":811,""physica'"
454,"b'lDamageTaken"":1167,""totalDamageDone"":5415,""totalDamageDoneToChampions"":1056,""totalDamageTaken"":1290,""trueDamageDone"":130,""trueDa'"
455,"b'mageDoneToChampions"":130,""trueDamageTaken"":0},""goldPerSecond"":0,""jungleMinionsKilled"":0,""level"":4,""minionsKilled"":20,""participan'"
456,"b'tId"":6,""position"":{""x"":14130,""y"":14352},""timeEnemySpentControlled"":0,""totalGold"":1262,""xp"":1239},""7"":{""championStats"":{""abilityH'"
457,"b'aste"":0,""abilityPower"":18,""armor"":45,""armorPen"":0,""armorPenPercent"":0,""attackDamage"":63,""attackSpeed"":114,""bonusArmorPenPercent""'"
458,"b':0,""bonusMagicPenPercent"":0,""ccReduction"":0,""cooldownReduction"":0,""health"":340,""healthMax"":770,""healthRegen"":21,""lifesteal"":0,""m'"
459,"b'agicPen"":0,""magicPenPercent"":0,""magicResist"":31,""movementSpeed"":462,""omnivamp"":0,""physicalVamp"":0,""power"":107,""powerMax"":361,""po'"
460,"b'werRegen"":102,""spellVamp"":0},""currentGold"":861,""damageStats"":{""magicDamageDone"":6662,""magicDamageDoneToChampions"":58,""magicDamag'"
461,"b'eTaken"":93,""physicalDamageDone"":3286,""physicalDamageDoneToChampions"":100,""physicalDamageTaken"":2333,""totalDamageDone"":15282,""tot'"
462,"b'alDamageDoneToChampions"":183,""totalDamageTaken"":2556,""trueDamageDone"":5333,""trueDamageDoneToChampions"":23,""trueDamageTaken"":130}'"
463,"b',""goldPerSecond"":0,""jungleMinionsKilled"":19,""level"":3,""minionsKilled"":0,""participantId"":7,""position"":{""x"":3685,""y"":10017},""timeE'"
464,"b'nemySpentControlled"":65802,""totalGold"":1361,""xp"":1049},""8"":{""championStats"":{""abilityHaste"":0,""abilityPower"":0,""armor"":44,""armor'"
465,"b'Pen"":0,""armorPenPercent"":0,""attackDamage"":93,""attackSpeed"":109,""bonusArmorPenPercent"":0,""bonusMagicPenPercent"":0,""ccReduction"":6'"
466,"b',""cooldownReduction"":0,""health"":879,""healthMax"":879,""healthRegen"":99,""lifesteal"":0,""magicPen"":0,""magicPenPercent"":0,""magicResist'"
467,"b'"":36,""movementSpeed"":345,""omnivamp"":0,""physicalVamp"":0,""power"":163,""powerMax"":433,""powerRegen"":19,""spellVamp"":0},""currentGold"":9'"
468,"b'71,""damageStats"":{""magicDamageDone"":225,""magicDamageDoneToChampions"":54,""magicDamageTaken"":0,""physicalDamageDone"":2992,""physical'"
469,"b'DamageDoneToChampions"":499,""physicalDamageTaken"":170,""totalDamageDone"":3218,""totalDamageDoneToChampions"":553,""totalDamageTaken"":'"
470,"b'170,""trueDamageDone"":0,""trueDamageDoneToChampions"":0,""trueDamageTaken"":0},""goldPerSecond"":0,""jungleMinionsKilled"":0,""level"":4,""m'"
471,"b'inionsKilled"":15,""participantId"":8,""position"":{""x"":5429,""y"":8851},""timeEnemySpentControlled"":5361,""totalGold"":1471,""xp"":1203},""9'"
472,"b'"":{""championStats"":{""abilityHaste"":0,""abilityPower"":0,""armor"":38,""armorPen"":0,""armorPenPercent"":0,""attackDamage"":75,""attackSpeed'"
473,"b'"":114,""bonusArmorPenPercent"":0,""bonusMagicPenPercent"":0,""ccReduction"":0,""cooldownReduction"":0,""health"":617,""healthMax"":839,""heal'"
474,"b'thRegen"":8,""lifesteal"":0,""magicPen"":0,""magicPenPercent"":0,""magicResist"":31,""movementSpeed"":335,""omnivamp"":2,""physicalVamp"":0,""po'"
475,"b'wer"":321,""powerMax"":405,""powerRegen"":18,""spellVamp"":0},""currentGold"":634,""damageStats"":{""magicDamageDone"":7,""magicDamageDoneToCh'"
476,"b'ampions"":0,""magicDamageTaken"":77,""physicalDamageDone"":2019,""physicalDamageDoneToChampions"":210,""physicalDamageTaken"":371,""totalD'"
477,"b'amageDone"":2027,""totalDamageDoneToChampions"":210,""totalDamageTaken"":448,""trueDamageDone"":0,""trueDamageDoneToChampions"":0,""trueDa'"
478,"b'mageTaken"":0},""goldPerSecond"":0,""jungleMinionsKilled"":0,""level"":3,""minionsKilled"":18,""participantId"":9,""position"":{""x"":14056,""y""'"
479,"b':4331},""timeEnemySpentControlled"":0,""totalGold"":1134,""xp"":808},""10"":{""championStats"":{""abilityHaste"":0,""abilityPower"":5,""armor"":'"
480,"b'54,""armorPen"":0,""armorPenPercent"":0,""attackDamage"":59,""attackSpeed"":102,""bonusArmorPenPercent"":0,""bonusMagicPenPercent"":0,""ccRed'"
481,"b'uction"":0,""cooldownReduction"":0,""health"":344,""healthMax"":793,""healthRegen"":26,""lifesteal"":0,""magicPen"":0,""magicPenPercent"":0,""ma'"
482,"b'gicResist"":32,""movementSpeed"":341,""omnivamp"":0,""physicalVamp"":0,""power"":376,""powerMax"":416,""powerRegen"":13,""spellVamp"":0},""curre'"
483,"b'ntGold"":394,""damageStats"":{""magicDamageDone"":100,""magicDamageDoneToChampions"":37,""magicDamageTaken"":202,""physicalDamageDone"":403'"
484,"b',""physicalDamageDoneToChampions"":0,""physicalDamageTaken"":761,""totalDamageDone"":1565,""totalDamageDoneToChampions"":37,""totalDamage'"
485,"b'Taken"":964,""trueDamageDone"":1061,""trueDamageDoneToChampions"":0,""trueDamageTaken"":0},""goldPerSecond"":20,""jungleMinionsKilled"":0,""'"
486,"b'level"":3,""minionsKilled"":3,""participantId"":10,""position"":{""x"":13892,""y"":4649},""timeEnemySpentControlled"":13750,""totalGold"":894,""'"
487,"b'xp"":808}},""timestamp"":240081},{""events"":[{""itemId"":1001,""participantId"":6,""timestamp"":240282,""type"":""ITEM_PURCHASED""},{""itemId"":'"
488,"b'1029,""participantId"":6,""timestamp"":240685,""type"":""ITEM_PURCHASED""},{""itemId"":1036,""participantId"":1,""timestamp"":241120,""type"":""I'"
489,"b'TEM_PURCHASED""},{""itemId"":2031,""participantId"":6,""timestamp"":241353,""type"":""ITEM_PURCHASED""},{""itemId"":2031,""participantId"":1,""t'"
490,"b'imestamp"":241621,""type"":""ITEM_PURCHASED""},{""level"":4,""participantId"":7,""timestamp"":241687,""type"":""LEVEL_UP""},{""levelUpType"":""NOR'"
491,"b'MAL"",""participantId"":7,""skillSlot"":1,""timestamp"":242989,""type"":""SKILL_LEVEL_UP""},{""itemId"":1082,""participantId"":7,""timestamp"":25'"
492,"b'0719,""type"":""ITEM_PURCHASED""},{""itemId"":1052,""participantId"":7,""timestamp"":251891,""type"":""ITEM_PURCHASED""},{""itemId"":2055,""parti'"
493,"b'cipantId"":7,""timestamp"":252629,""type"":""ITEM_PURCHASED""},{""itemId"":2403,""participantId"":10,""timestamp"":258001,""type"":""ITEM_DESTRO'"
494,"b'YED""},{""level"":4,""participantId"":2,""timestamp"":258836,""type"":""LEVEL_UP""},{""levelUpType"":""NORMAL"",""participantId"":2,""skillSlot"":3'"
495,"b',""timestamp"":260469,""type"":""SKILL_LEVEL_UP""},{""creatorId"":3,""timestamp"":264534,""type"":""WARD_PLACED"",""wardType"":""YELLOW_TRINKET""}'"
496,"b',{""itemId"":1037,""participantId"":3,""timestamp"":266967,""type"":""ITEM_PURCHASED""},{""creatorId"":7,""timestamp"":268396,""type"":""WARD_PLA'"
497,"b'CED"",""wardType"":""UNDEFINED""},{""assistingParticipantIds"":[10],""bounty"":300,""killStreakLength"":0,""killerId"":9,""position"":{""x"":1307'"
498,"b'0,""y"":3472},""shutdownBounty"":0,""timestamp"":273795,""type"":""CHAMPION_KILL"",""victimDamageDealt"":[{""basic"":false,""magicDamage"":0,""na'"
499,"b'me"":""Aphelios"",""participantId"":10,""physicalDamage"":142,""spellName"":""apheliosw"",""spellSlot"":1,""trueDamage"":0,""type"":""OTHER""}],""vi'"
500,"b'ctimDamageReceived"":[{""basic"":true,""magicDamage"":0,""name"":""SRU_ChaosMinionRanged"",""participantId"":0,""physicalDamage"":43,""spellNa'"
501,"b'me"":""sru_chaosminionmeleebasicattack"",""spellSlot"":64,""trueDamage"":0,""type"":""MINION""},{""basic"":true,""magicDamage"":0,""name"":""SRU_C'"
502,"b'haosMinionRanged"",""participantId"":0,""physicalDamage"":9,""spellName"":""sru_chaosminionrangedbasicattack"",""spellSlot"":64,""trueDamage'"
503,"b'"":0,""type"":""MINION""},{""basic"":true,""magicDamage"":0,""name"":""SRU_ChaosMinionRanged"",""participantId"":0,""physicalDamage"":18,""spellNa'"
504,"b'me"":""sru_chaosminionrangedbasicattack2"",""spellSlot"":65,""trueDamage"":0,""type"":""MINION""},{""basic"":true,""magicDamage"":0,""name"":""Tur'"
505,"b'ret"",""participantId"":0,""physicalDamage"":181,""spellName"":""turretbasicattack"",""spellSlot"":64,""trueDamage"":0,""type"":""TOWER""},{""basi'"
506,"b'c"":true,""magicDamage"":0,""name"":""Samira"",""participantId"":9,""physicalDamage"":0,""spellName"":""samirabasicattack2"",""spellSlot"":65,""tr'"
507,"b'ueDamage"":0,""type"":""OTHER""},{""basic"":false,""magicDamage"":51,""name"":""Samira"",""participantId"":9,""physicalDamage"":0,""spellName"":""sa'"
508,"b'mirae"",""spellSlot"":2,""trueDamage"":0,""type"":""OTHER""},{""basic"":false,""magicDamage"":7,""name"":""Samira"",""participantId"":9,""physicalDa'"
509,"b'mage"":58,""spellName"":""samirapassive"",""spellSlot"":63,""trueDamage"":0,""type"":""OTHER""},{""basic"":false,""magicDamage"":19,""name"":""Samir'"
510,"b'a"",""participantId"":9,""physicalDamage"":52,""spellName"":""samiraw"",""spellSlot"":1,""trueDamage"":0,""type"":""OTHER""},{""basic"":false,""magi'"
511,"b'cDamage"":11,""name"":""Samira"",""participantId"":9,""physicalDamage"":52,""spellName"":""samiraq"",""spellSlot"":0,""trueDamage"":0,""type"":""OTH'"
512,"b'ER""},{""basic"":true,""magicDamage"":0,""name"":""Samira"",""participantId"":9,""physicalDamage"":64,""spellName"":""samirabasicattack"",""spellS'"
513,"b'lot"":64,""trueDamage"":0,""type"":""OTHER""},{""basic"":false,""magicDamage"":47,""name"":""Rell"",""participantId"":10,""physicalDamage"":0,""spel'"
514,"b'lName"":""rellq"",""spellSlot"":0,""trueDamage"":0,""type"":""OTHER""},{""basic"":false,""magicDamage"":37,""name"":""Rell"",""participantId"":10,""ph'"
515,"b'ysicalDamage"":0,""spellName"":""relle"",""spellSlot"":2,""trueDamage"":0,""type"":""OTHER""},{""basic"":false,""magicDamage"":0,""name"":""Rell"",""p'"
516,"b'articipantId"":10,""physicalDamage"":0,""spellName"":""summonerdot"",""spellSlot"":5,""trueDamage"":44,""type"":""OTHER""},{""basic"":false,""magi'"
517,"b'cDamage"":48,""name"":""Rell"",""participantId"":10,""physicalDamage"":0,""spellName"":""rellw_dismount"",""spellSlot"":1,""trueDamage"":0,""type""'"
518,"b':""OTHER""},{""basic"":true,""magicDamage"":0,""name"":""Rell"",""participantId"":10,""physicalDamage"":28,""spellName"":""rellbasicattack2"",""spe'"
519,"b'llSlot"":65,""trueDamage"":0,""type"":""OTHER""}],""victimId"":4},{""itemId"":2010,""participantId"":5,""timestamp"":274360,""type"":""ITEM_DESTRO'"
520,"b'YED""},{""itemId"":1036,""participantId"":8,""timestamp"":275293,""type"":""ITEM_DESTROYED""},{""itemId"":3134,""participantId"":8,""timestamp"":'"
521,"b'275293,""type"":""ITEM_PURCHASED""},{""itemId"":3070,""participantId"":8,""timestamp"":275895,""type"":""ITEM_PURCHASED""},{""itemId"":3340,""par'"
522,"b'ticipantId"":8,""timestamp"":276395,""type"":""ITEM_DESTROYED""},{""itemId"":3364,""participantId"":8,""timestamp"":276395,""type"":""ITEM_PURCH'"
523,"b'ASED""},{""itemId"":3006,""participantId"":4,""timestamp"":277826,""type"":""ITEM_PURCHASED""},{""itemId"":2403,""participantId"":10,""timestamp'"
524,"b'"":279094,""type"":""ITEM_DESTROYED""},{""creatorId"":5,""timestamp"":279361,""type"":""WARD_PLACED"",""wardType"":""YELLOW_TRINKET""},{""level"":4'"
525,"b',""participantId"":10,""timestamp"":280095,""type"":""LEVEL_UP""},{""level"":4,""participantId"":9,""timestamp"":280095,""type"":""LEVEL_UP""},{""i'"
526,"b'temId"":2003,""participantId"":2,""timestamp"":281331,""type"":""ITEM_DESTROYED""},{""levelUpType"":""NORMAL"",""participantId"":9,""skillSlot"":'"
527,"b'1,""timestamp"":281496,""type"":""SKILL_LEVEL_UP""},{""levelUpType"":""NORMAL"",""participantId"":10,""skillSlot"":3,""timestamp"":281562,""type""'"
528,"b':""SKILL_LEVEL_UP""},{""level"":5,""participantId"":6,""timestamp"":283964,""type"":""LEVEL_UP""},{""creatorId"":7,""timestamp"":288717,""type"":""'"
529,"b'WARD_PLACED"",""wardType"":""UNDEFINED""},{""levelUpType"":""NORMAL"",""participantId"":6,""skillSlot"":1,""timestamp"":291031,""type"":""SKILL_LE'"
530,"b'VEL_UP""},{""itemId"":2010,""participantId"":5,""timestamp"":292234,""type"":""ITEM_DESTROYED""},{""creatorId"":9,""timestamp"":294970,""type"":""'"
531,"b'WARD_PLACED"",""wardType"":""YELLOW_TRINKET""},{""assistingParticipantIds"":[2],""bounty"":300,""killStreakLength"":0,""killerId"":5,""positio'"
532,"b'n"":{""x"":12946,""y"":2148},""shutdownBounty"":0,""timestamp"":296203,""type"":""CHAMPION_KILL"",""victimDamageDealt"":[{""basic"":false,""magicD'"
533,"b'amage"":46,""name"":""Rell"",""participantId"":2,""physicalDamage"":0,""spellName"":""rellq"",""spellSlot"":0,""trueDamage"":0,""type"":""OTHER""},{""'"
534,"b'basic"":false,""magicDamage"":47,""name"":""Rell"",""participantId"":5,""physicalDamage"":0,""spellName"":""rellq"",""spellSlot"":0,""trueDamage"":'"
535,"b'0,""type"":""OTHER""}],""victimDamageReceived"":[{""basic"":false,""magicDamage"":79,""name"":""Thresh"",""participantId"":5,""physicalDamage"":0,'"
536,"b'""spellName"":""threshq"",""spellSlot"":0,""trueDamage"":0,""type"":""OTHER""},{""basic"":false,""magicDamage"":0,""name"":""Thresh"",""participantId'"
537,"b'"":5,""physicalDamage"":0,""spellName"":""summonerdot"",""spellSlot"":5,""trueDamage"":88,""type"":""OTHER""},{""basic"":false,""magicDamage"":0,""n'"
538,"b'ame"":""Thresh"",""participantId"":5,""physicalDamage"":0,""spellName"":""threshe"",""spellSlot"":2,""trueDamage"":0,""type"":""OTHER""},{""basic"":t'"
539,"b'rue,""magicDamage"":0,""name"":""Shaco"",""participantId"":2,""physicalDamage"":68,""spellName"":""shacobasicattack"",""spellSlot"":64,""trueDama'"
540,"b'ge"":0,""type"":""OTHER""},{""basic"":true,""magicDamage"":0,""name"":""Shaco"",""participantId"":2,""physicalDamage"":47,""spellName"":""shacobasic'"
541,"b'attack2"",""spellSlot"":65,""trueDamage"":0,""type"":""OTHER""},{""basic"":false,""magicDamage"":113,""name"":""Shaco"",""participantId"":2,""physic'"
542,"b'alDamage"":0,""spellName"":""twoshivpoison"",""spellSlot"":2,""trueDamage"":0,""type"":""OTHER""}],""victimId"":10},{""level"":4,""participantId"":'"
543,"b'5,""timestamp"":296203,""type"":""LEVEL_UP""}],""participantFrames"":{""1"":{""championStats"":{""abilityHaste"":0,""abilityPower"":0,""armor"":48'"
544,"b',""armorPen"":0,""armorPenPercent"":0,""attackDamage"":84,""attackSpeed"":133,""bonusArmorPenPercent"":0,""bonusMagicPenPercent"":0,""ccReduc'"
545,"b'tion"":11,""cooldownReduction"":0,""health"":722,""healthMax"":914,""healthRegen"":36,""lifesteal"":0,""magicPen"":0,""magicPenPercent"":0,""mag'"
546,"b'icResist"":36,""movementSpeed"":340,""omnivamp"":0,""physicalVamp"":0,""power"":0,""powerMax"":60,""powerRegen"":0,""spellVamp"":0},""currentGol'"
547,"b'd"":281,""damageStats"":{""magicDamageDone"":2394,""magicDamageDoneToChampions"":216,""magicDamageTaken"":147,""physicalDamageDone"":6998,""'"
548,"b'physicalDamageDoneToChampions"":706,""physicalDamageTaken"":1413,""totalDamageDone"":9393,""totalDamageDoneToChampions"":923,""totalDama'"
549,"b'geTaken"":1713,""trueDamageDone"":0,""trueDamageDoneToChampions"":0,""trueDamageTaken"":153},""goldPerSecond"":0,""jungleMinionsKilled"":1,'"
550,"b'""level"":4,""minionsKilled"":16,""participantId"":1,""position"":{""x"":5817,""y"":9415},""timeEnemySpentControlled"":50790,""totalGold"":1281,'"
551,"b'""xp"":1615},""2"":{""championStats"":{""abilityHaste"":0,""abilityPower"":0,""armor"":44,""armorPen"":0,""armorPenPercent"":0,""attackDamage"":76'"
552,"b',""attackSpeed"":122,""bonusArmorPenPercent"":0,""bonusMagicPenPercent"":0,""ccReduction"":0,""cooldownReduction"":0,""health"":174,""healthM'"
553,"b'ax"":854,""healthRegen"":19,""lifesteal"":0,""magicPen"":0,""magicPenPercent"":0,""magicResist"":35,""movementSpeed"":345,""omnivamp"":0,""physi'"
554,"b'calVamp"":0,""power"":332,""powerMax"":387,""powerRegen"":105,""spellVamp"":0},""currentGold"":1109,""damageStats"":{""magicDamageDone"":3512,""'"
555,"b'magicDamageDoneToChampions"":151,""magicDamageTaken"":909,""physicalDamageDone"":6680,""physicalDamageDoneToChampions"":237,""physicalDa'"
556,"b'mageTaken"":1407,""totalDamageDone"":13226,""totalDamageDoneToChampions"":388,""totalDamageTaken"":2316,""trueDamageDone"":3033,""trueDama'"
557,"b'geDoneToChampions"":0,""trueDamageTaken"":0},""goldPerSecond"":0,""jungleMinionsKilled"":24,""level"":4,""minionsKilled"":2,""participantId""'"
558,"b':2,""position"":{""x"":12362,""y"":1327},""timeEnemySpentControlled"":66932,""totalGold"":1619,""xp"":1294},""3"":{""championStats"":{""abilityHa'"
559,"b'ste"":0,""abilityPower"":0,""armor"":57,""armorPen"":0,""armorPenPercent"":0,""attackDamage"":107,""attackSpeed"":111,""bonusArmorPenPercent"":'"
560,"b'0,""bonusMagicPenPercent"":0,""ccReduction"":0,""cooldownReduction"":0,""health"":839,""healthMax"":896,""healthRegen"":14,""lifesteal"":0,""ma'"
561,"b'gicPen"":0,""magicPenPercent"":0,""magicResist"":32,""movementSpeed"":345,""omnivamp"":0,""physicalVamp"":0,""power"":341,""powerMax"":387,""pow'"
562,"b'erRegen"":16,""spellVamp"":0},""currentGold"":126,""damageStats"":{""magicDamageDone"":0,""magicDamageDoneToChampions"":0,""magicDamageTaken'"
563,"b'"":81,""physicalDamageDone"":6698,""physicalDamageDoneToChampions"":257,""physicalDamageTaken"":572,""totalDamageDone"":6828,""totalDamage'"
564,"b'DoneToChampions"":387,""totalDamageTaken"":654,""trueDamageDone"":130,""trueDamageDoneToChampions"":130,""trueDamageTaken"":0},""goldPerSe'"
565,"b'cond"":0,""jungleMinionsKilled"":0,""level"":4,""minionsKilled"":30,""participantId"":3,""position"":{""x"":6552,""y"":6656},""timeEnemySpentCon'"
566,"b'trolled"":2204,""totalGold"":1501,""xp"":1694},""4"":{""championStats"":{""abilityHaste"":0,""abilityPower"":0,""armor"":38,""armorPen"":0,""armor'"
567,"b'PenPercent"":0,""attackDamage"":89,""attackSpeed"":148,""bonusArmorPenPercent"":0,""bonusMagicPenPercent"":0,""ccReduction"":0,""cooldownRed'"
568,"b'uction"":0,""health"":730,""healthMax"":730,""healthRegen"":8,""lifesteal"":0,""magicPen"":0,""magicPenPercent"":0,""magicResist"":31,""movement'"
569,"b'Speed"":370,""omnivamp"":0,""physicalVamp"":0,""power"":409,""powerMax"":409,""powerRegen"":14,""spellVamp"":0},""currentGold"":49,""damageStats'"
570,"b'"":{""magicDamageDone"":0,""magicDamageDoneToChampions"":0,""magicDamageTaken"":224,""physicalDamageDone"":6221,""physicalDamageDoneToCham'"
571,"b'pions"":1051,""physicalDamageTaken"":982,""totalDamageDone"":6221,""totalDamageDoneToChampions"":1051,""totalDamageTaken"":1251,""trueDama'"
572,"b'geDone"":0,""trueDamageDoneToChampions"":0,""trueDamageTaken"":44},""goldPerSecond"":0,""jungleMinionsKilled"":0,""level"":3,""minionsKilled'"
573,"b'"":32,""participantId"":4,""position"":{""x"":7513,""y"":1218},""timeEnemySpentControlled"":3467,""totalGold"":1649,""xp"":1125},""5"":{""champion'"
574,"b'Stats"":{""abilityHaste"":0,""abilityPower"":8,""armor"":46,""armorPen"":0,""armorPenPercent"":0,""attackDamage"":69,""attackSpeed"":107,""bonus'"
575,"b'ArmorPenPercent"":0,""bonusMagicPenPercent"":0,""ccReduction"":13,""cooldownReduction"":0,""health"":633,""healthMax"":901,""healthRegen"":24'"
576,"b',""lifesteal"":0,""magicPen"":0,""magicPenPercent"":0,""magicResist"":31,""movementSpeed"":330,""omnivamp"":0,""physicalVamp"":0,""power"":19,""p'"
577,"b'owerMax"":453,""powerRegen"":15,""spellVamp"":0},""currentGold"":1021,""damageStats"":{""magicDamageDone"":982,""magicDamageDoneToChampions""'"
578,"b':478,""magicDamageTaken"":85,""physicalDamageDone"":1232,""physicalDamageDoneToChampions"":266,""physicalDamageTaken"":650,""totalDamageD'"
579,"b'one"":2985,""totalDamageDoneToChampions"":832,""totalDamageTaken"":735,""trueDamageDone"":770,""trueDamageDoneToChampions"":88,""trueDamag'"
580,"b'eTaken"":0},""goldPerSecond"":20,""jungleMinionsKilled"":0,""level"":4,""minionsKilled"":6,""participantId"":5,""position"":{""x"":12428,""y"":15'"
581,"b'06},""timeEnemySpentControlled"":15186,""totalGold"":1521,""xp"":1183},""6"":{""championStats"":{""abilityHaste"":0,""abilityPower"":0,""armor""'"
582,"b':59,""armorPen"":0,""armorPenPercent"":0,""attackDamage"":81,""attackSpeed"":128,""bonusArmorPenPercent"":0,""bonusMagicPenPercent"":0,""ccRe'"
583,"b'duction"":0,""cooldownReduction"":0,""health"":982,""healthMax"":1031,""healthRegen"":11,""lifesteal"":0,""magicPen"":0,""magicPenPercent"":0,""'"
584,"b'magicResist"":34,""movementSpeed"":355,""omnivamp"":2,""physicalVamp"":0,""power"":406,""powerMax"":473,""powerRegen"":20,""spellVamp"":0},""cur'"
585,"b'rentGold"":295,""damageStats"":{""magicDamageDone"":310,""magicDamageDoneToChampions"":115,""magicDamageTaken"":122,""physicalDamageDone"":'"
586,"b'6385,""physicalDamageDoneToChampions"":811,""physicalDamageTaken"":1171,""totalDamageDone"":6826,""totalDamageDoneToChampions"":1056,""to'"
587,"b'talDamageTaken"":1294,""trueDamageDone"":130,""trueDamageDoneToChampions"":130,""trueDamageTaken"":0},""goldPerSecond"":0,""jungleMinionsK'"
588,"b'illed"":0,""level"":5,""minionsKilled"":30,""participantId"":6,""position"":{""x"":2891,""y"":12625},""timeEnemySpentControlled"":0,""totalGold""'"
589,"b':1545,""xp"":1883},""7"":{""championStats"":{""abilityHaste"":0,""abilityPower"":46,""armor"":49,""armorPen"":0,""armorPenPercent"":0,""attackDam'"
590,"b'age"":65,""attackSpeed"":137,""bonusArmorPenPercent"":0,""bonusMagicPenPercent"":0,""ccReduction"":0,""cooldownReduction"":0,""health"":753,""'"
591,"b'healthMax"":896,""healthRegen"":32,""lifesteal"":0,""magicPen"":0,""magicPenPercent"":0,""magicResist"":32,""movementSpeed"":340,""omnivamp"":0'"
592,"b',""physicalVamp"":0,""power"":237,""powerMax"":396,""powerRegen"":69,""spellVamp"":0},""currentGold"":354,""damageStats"":{""magicDamageDone"":1'"
593,"b'2105,""magicDamageDoneToChampions"":58,""magicDamageTaken"":93,""physicalDamageDone"":4246,""physicalDamageDoneToChampions"":100,""physic'"
594,"b'alDamageTaken"":2966,""totalDamageDone"":23215,""totalDamageDoneToChampions"":183,""totalDamageTaken"":3190,""trueDamageDone"":6864,""true'"
595,"b'DamageDoneToChampions"":23,""trueDamageTaken"":130},""goldPerSecond"":0,""jungleMinionsKilled"":29,""level"":4,""minionsKilled"":0,""partici'"
596,"b'pantId"":7,""position"":{""x"":7084,""y"":4251},""timeEnemySpentControlled"":92394,""totalGold"":1714,""xp"":1366},""8"":{""championStats"":{""abi'"
597,"b'lityHaste"":0,""abilityPower"":0,""armor"":44,""armorPen"":0,""armorPenPercent"":0,""attackDamage"":113,""attackSpeed"":109,""bonusArmorPenPer'"
598,"b'cent"":0,""bonusMagicPenPercent"":0,""ccReduction"":6,""cooldownReduction"":0,""health"":882,""healthMax"":882,""healthRegen"":16,""lifesteal""'"
599,"b':0,""magicPen"":0,""magicPenPercent"":0,""magicResist"":36,""movementSpeed"":345,""omnivamp"":0,""physicalVamp"":0,""power"":603,""powerMax"":67'"
600,"b'3,""powerRegen"":19,""spellVamp"":0},""currentGold"":111,""damageStats"":{""magicDamageDone"":356,""magicDamageDoneToChampions"":54,""magicDa'"
601,"b'mageTaken"":0,""physicalDamageDone"":4684,""physicalDamageDoneToChampions"":499,""physicalDamageTaken"":170,""totalDamageDone"":5041,""tot'"
602,"b'alDamageDoneToChampions"":553,""totalDamageTaken"":170,""trueDamageDone"":0,""trueDamageDoneToChampions"":0,""trueDamageTaken"":0},""goldP'"
603,"b'erSecond"":0,""jungleMinionsKilled"":0,""level"":4,""minionsKilled"":22,""participantId"":8,""position"":{""x"":8613,""y"":8099},""timeEnemySpen'"
604,"b'tControlled"":9019,""totalGold"":1761,""xp"":1574},""9"":{""championStats"":{""abilityHaste"":0,""abilityPower"":0,""armor"":42,""armorPen"":0,""a'"
605,"b'rmorPenPercent"":0,""attackDamage"":92,""attackSpeed"":117,""bonusArmorPenPercent"":0,""bonusMagicPenPercent"":0,""ccReduction"":0,""cooldow'"
606,"b'nReduction"":0,""health"":458,""healthMax"":924,""healthRegen"":8,""lifesteal"":0,""magicPen"":0,""magicPenPercent"":0,""magicResist"":32,""move'"
607,"b'mentSpeed"":100,""omnivamp"":2,""physicalVamp"":0,""power"":114,""powerMax"":435,""powerRegen"":19,""spellVamp"":0},""currentGold"":1308,""damag'"
608,"b'eStats"":{""magicDamageDone"":279,""magicDamageDoneToChampions"":187,""magicDamageTaken"":233,""physicalDamageDone"":3919,""physicalDamage'"
609,"b'DoneToChampions"":927,""physicalDamageTaken"":589,""totalDamageDone"":4199,""totalDamageDoneToChampions"":1114,""totalDamageTaken"":823,""'"
610,"b'trueDamageDone"":0,""trueDamageDoneToChampions"":0,""trueDamageTaken"":0},""goldPerSecond"":0,""jungleMinionsKilled"":0,""level"":4,""minion'"
611,"b'sKilled"":26,""participantId"":9,""position"":{""x"":12454,""y"":1608},""timeEnemySpentControlled"":0,""totalGold"":1808,""xp"":1307},""10"":{""ch'"
612,"b'ampionStats"":{""abilityHaste"":0,""abilityPower"":5,""armor"":59,""armorPen"":0,""armorPenPercent"":0,""attackDamage"":61,""attackSpeed"":103,'"
613,"b'""bonusArmorPenPercent"":0,""bonusMagicPenPercent"":0,""ccReduction"":0,""cooldownReduction"":0,""health"":0,""healthMax"":875,""healthRegen""'"
614,"b':28,""lifesteal"":0,""magicPen"":0,""magicPenPercent"":0,""magicResist"":36,""movementSpeed"":330,""omnivamp"":0,""physicalVamp"":0,""power"":17'"
615,"b'5,""powerMax"":451,""powerRegen"":13,""spellVamp"":0},""currentGold"":762,""damageStats"":{""magicDamageDone"":669,""magicDamageDoneToChampio'"
616,"b'ns"":265,""magicDamageTaken"":395,""physicalDamageDone"":677,""physicalDamageDoneToChampions"":28,""physicalDamageTaken"":1054,""totalDama'"
617,"b'geDone"":3705,""totalDamageDoneToChampions"":338,""totalDamageTaken"":1538,""trueDamageDone"":2358,""trueDamageDoneToChampions"":44,""true'"
618,"b'DamageTaken"":88},""goldPerSecond"":20,""jungleMinionsKilled"":0,""level"":4,""minionsKilled"":5,""participantId"":10,""position"":{""x"":12946'"
619,"b',""y"":2148},""timeEnemySpentControlled"":26446,""totalGold"":1262,""xp"":1307}},""timestamp"":300155},{""events"":[{""assistingParticipantId'"
620,"b's"":[10],""bounty"":300,""killStreakLength"":1,""killerId"":9,""position"":{""x"":12316,""y"":1380},""shutdownBounty"":0,""timestamp"":301758,""ty'"
621,"b'pe"":""CHAMPION_KILL"",""victimDamageDealt"":[{""basic"":true,""magicDamage"":0,""name"":""Shaco"",""participantId"":9,""physicalDamage"":55,""spe'"
622,"b'llName"":""shacobasicattack2"",""spellSlot"":65,""trueDamage"":0,""type"":""OTHER""},{""basic"":false,""magicDamage"":82,""name"":""Shaco"",""partic'"
623,"b'ipantId"":9,""physicalDamage"":0,""spellName"":""jackinthebox"",""spellSlot"":1,""trueDamage"":0,""type"":""OTHER""},{""basic"":true,""magicDamage'"
624,"b'"":0,""name"":""Shaco"",""participantId"":9,""physicalDamage"":53,""spellName"":""shacobasicattack"",""spellSlot"":64,""trueDamage"":0,""type"":""OT'"
625,"b'HER""}],""victimDamageReceived"":[{""basic"":false,""magicDamage"":49,""name"":""Samira"",""participantId"":9,""physicalDamage"":0,""spellName"":'"
626,"b'""samirae"",""spellSlot"":2,""trueDamage"":0,""type"":""OTHER""},{""basic"":false,""magicDamage"":50,""name"":""Samira"",""participantId"":9,""physic'"
627,"b'alDamage"":48,""spellName"":""samirapassive"",""spellSlot"":63,""trueDamage"":0,""type"":""OTHER""},{""basic"":true,""magicDamage"":0,""name"":""Sam'"
628,"b'ira"",""participantId"":9,""physicalDamage"":329,""spellName"":""samirapassive"",""spellSlot"":63,""trueDamage"":0,""type"":""OTHER""},{""basic"":f'"
629,"b'alse,""magicDamage"":0,""name"":""Samira"",""participantId"":9,""physicalDamage"":9,""spellName"":"""",""spellSlot"":-1,""trueDamage"":0,""type"":""O'"
630,"b'THER""},{""basic"":false,""magicDamage"":25,""name"":""Samira"",""participantId"":9,""physicalDamage"":130,""spellName"":""samiraq"",""spellSlot"":'"
631,"b'0,""trueDamage"":0,""type"":""OTHER""},{""basic"":false,""magicDamage"":46,""name"":""Rell"",""participantId"":10,""physicalDamage"":0,""spellName""'"
632,"b':""rellq"",""spellSlot"":0,""trueDamage"":0,""type"":""OTHER""},{""basic"":true,""magicDamage"":0,""name"":""SRU_ChaosMinionRanged"",""participantI'"
633,"b'd"":0,""physicalDamage"":9,""spellName"":""sru_chaosminionrangedbasicattack2"",""spellSlot"":65,""trueDamage"":0,""type"":""MINION""},{""basic"":'"
634,"b'true,""magicDamage"":0,""name"":""SRU_ChaosMinionRanged"",""participantId"":0,""physicalDamage"":9,""spellName"":""sru_chaosminionrangedbasic'"
635,"b'attack"",""spellSlot"":64,""trueDamage"":0,""type"":""MINION""}],""victimId"":2},{""itemId"":2055,""participantId"":7,""timestamp"":302060,""type""'"
636,"b':""ITEM_DESTROYED""},{""creatorId"":7,""timestamp"":302060,""type"":""WARD_PLACED"",""wardType"":""CONTROL_WARD""},{""level"":5,""participantId"":'"
637,"b'3,""timestamp"":302459,""type"":""LEVEL_UP""},{""creatorId"":1,""timestamp"":302956,""type"":""WARD_PLACED"",""wardType"":""YELLOW_TRINKET""},{""le'"
638,"b'velUpType"":""NORMAL"",""participantId"":3,""skillSlot"":1,""timestamp"":303658,""type"":""SKILL_LEVEL_UP""},{""itemId"":2003,""participantId"":5'"
639,"b',""timestamp"":305061,""type"":""ITEM_DESTROYED""},{""creatorId"":7,""timestamp"":307161,""type"":""WARD_PLACED"",""wardType"":""UNDEFINED""},{""as'"
640,"b'sistingParticipantIds"":[10],""bounty"":300,""killStreakLength"":2,""killerId"":9,""position"":{""x"":12911,""y"":1915},""shutdownBounty"":0,""t'"
641,"b'imestamp"":308330,""type"":""CHAMPION_KILL"",""victimDamageDealt"":[{""basic"":true,""magicDamage"":0,""name"":""Thresh"",""participantId"":9,""ph'"
642,"b'ysicalDamage"":48,""spellName"":""threshbasicattack1m"",""spellSlot"":49,""trueDamage"":0,""type"":""OTHER""},{""basic"":true,""magicDamage"":0,""'"
643,"b'name"":""Thresh"",""participantId"":9,""physicalDamage"":96,""spellName"":""threshbasicattack2m"",""spellSlot"":49,""trueDamage"":0,""type"":""OTH'"
644,"b'ER""},{""basic"":false,""magicDamage"":116,""name"":""Thresh"",""participantId"":9,""physicalDamage"":0,""spellName"":""threshepassive"",""spellSl'"
645,"b'ot"":2,""trueDamage"":0,""type"":""OTHER""},{""basic"":true,""magicDamage"":0,""name"":""Thresh"",""participantId"":9,""physicalDamage"":48,""spellN'"
646,"b'ame"":""threshbasicattack"",""spellSlot"":49,""trueDamage"":0,""type"":""OTHER""},{""basic"":true,""magicDamage"":0,""name"":""Thresh"",""participan'"
647,"b'tId"":9,""physicalDamage"":48,""spellName"":""threshbasicattack1s"",""spellSlot"":49,""trueDamage"":0,""type"":""OTHER""},{""basic"":true,""magicD'"
648,"b'amage"":0,""name"":""Thresh"",""participantId"":9,""physicalDamage"":145,""spellName"":""threshbasicattack2s"",""spellSlot"":49,""trueDamage"":0,'"
649,"b'""type"":""OTHER""}],""victimDamageReceived"":[{""basic"":true,""magicDamage"":0,""name"":""SRU_ChaosMinionRanged"",""participantId"":0,""physica'"
650,"b'lDamage"":45,""spellName"":""sru_chaosminionrangedbasicattack"",""spellSlot"":64,""trueDamage"":0,""type"":""MINION""},{""basic"":true,""magicDa'"
651,"b'mage"":0,""name"":""SRU_ChaosMinionRanged"",""participantId"":0,""physicalDamage"":64,""spellName"":""sru_chaosminionrangedbasicattack2"",""sp'"
652,"b'ellSlot"":65,""trueDamage"":0,""type"":""MINION""},{""basic"":false,""magicDamage"":47,""name"":""Rell"",""participantId"":10,""physicalDamage"":0,'"
653,"b'""spellName"":""rellq"",""spellSlot"":0,""trueDamage"":0,""type"":""OTHER""},{""basic"":false,""magicDamage"":25,""name"":""Samira"",""participantId""'"
654,"b':9,""physicalDamage"":101,""spellName"":""samiraq"",""spellSlot"":0,""trueDamage"":0,""type"":""OTHER""},{""basic"":false,""magicDamage"":61,""name'"
655,"b'"":""Samira"",""participantId"":9,""physicalDamage"":0,""spellName"":""samirae"",""spellSlot"":2,""trueDamage"":0,""type"":""OTHER""},{""basic"":fals'"
656,"b'e,""magicDamage"":24,""name"":""Samira"",""participantId"":9,""physicalDamage"":0,""spellName"":""samirapassive"",""spellSlot"":63,""trueDamage"":'"
657,"b'0,""type"":""OTHER""},{""basic"":true,""magicDamage"":0,""name"":""Samira"",""participantId"":9,""physicalDamage"":220,""spellName"":""samirapassiv'"
658,"b'e"",""spellSlot"":63,""trueDamage"":0,""type"":""OTHER""},{""basic"":false,""magicDamage"":24,""name"":""Samira"",""participantId"":9,""physicalDama'"
659,"b'ge"":70,""spellName"":""samiraw"",""spellSlot"":1,""trueDamage"":0,""type"":""OTHER""},{""basic"":true,""magicDamage"":0,""name"":""Samira"",""partici'"
660,"b'pantId"":9,""physicalDamage"":146,""spellName"":""samirabasicattack2"",""spellSlot"":65,""trueDamage"":0,""type"":""OTHER""}],""victimId"":5},{""k'"
661,"b'illType"":""KILL_MULTI"",""killerId"":9,""multiKillLength"":2,""position"":{""x"":12811,""y"":1464},""timestamp"":308330,""type"":""CHAMPION_SPECI'"
662,"b'AL_KILL""},{""itemId"":3158,""participantId"":10,""timestamp"":309867,""type"":""ITEM_PURCHASED""},{""itemId"":2055,""participantId"":10,""times'"
663,"b'tamp"":310099,""type"":""ITEM_PURCHASED""},{""itemId"":3340,""participantId"":10,""timestamp"":310368,""type"":""ITEM_DESTROYED""},{""itemId"":33'"
664,"b'64,""participantId"":10,""timestamp"":310368,""type"":""ITEM_PURCHASED""},{""itemId"":3158,""participantId"":5,""timestamp"":311564,""type"":""IT'"
665,"b'EM_PURCHASED""},{""itemId"":2055,""participantId"":5,""timestamp"":311765,""type"":""ITEM_PURCHASED""},{""level"":4,""participantId"":4,""timest'"
666,"b'amp"":312895,""type"":""LEVEL_UP""},{""level"":5,""participantId"":8,""timestamp"":313063,""type"":""LEVEL_UP""},{""levelUpType"":""NORMAL"",""parti'"
667,"b'cipantId"":8,""skillSlot"":1,""timestamp"":313894,""type"":""SKILL_LEVEL_UP""},{""levelUpType"":""NORMAL"",""participantId"":4,""skillSlot"":2,""t'"
668,"b'imestamp"":315789,""type"":""SKILL_LEVEL_UP""},{""itemId"":3802,""participantId"":2,""timestamp"":319959,""type"":""ITEM_PURCHASED""},{""levelUp'"
669,"b'Type"":""NORMAL"",""participantId"":5,""skillSlot"":1,""timestamp"":320660,""type"":""SKILL_LEVEL_UP""},{""level"":5,""participantId"":1,""timesta'"
670,"b'mp"":320992,""type"":""LEVEL_UP""},{""levelUpType"":""NORMAL"",""participantId"":1,""skillSlot"":2,""timestamp"":321925,""type"":""SKILL_LEVEL_UP""'"
671,"b'},{""itemId"":3340,""participantId"":5,""timestamp"":323159,""type"":""ITEM_DESTROYED""},{""itemId"":3364,""participantId"":5,""timestamp"":3231'"
672,"b'59,""type"":""ITEM_PURCHASED""},{""creatorId"":7,""timestamp"":325059,""type"":""WARD_PLACED"",""wardType"":""UNDEFINED""},{""itemId"":3134,""parti'"
673,"b'cipantId"":9,""timestamp"":328591,""type"":""ITEM_PURCHASED""},{""creatorId"":6,""timestamp"":333333,""type"":""WARD_PLACED"",""wardType"":""YELLO'"
674,"b'W_TRINKET""},{""itemId"":2055,""participantId"":10,""timestamp"":336833,""type"":""ITEM_DESTROYED""},{""creatorId"":10,""timestamp"":336833,""ty'"
675,"b'pe"":""WARD_PLACED"",""wardType"":""CONTROL_WARD""},{""itemId"":3133,""participantId"":9,""timestamp"":340305,""type"":""ITEM_PURCHASED""},{""leve'"
676,"b'l"":5,""participantId"":7,""timestamp"":351647,""type"":""LEVEL_UP""},{""levelUpType"":""NORMAL"",""participantId"":7,""skillSlot"":1,""timestamp""'"
677,"b':352612,""type"":""SKILL_LEVEL_UP""},{""assistingParticipantIds"":[8,10],""bounty"":300,""killStreakLength"":0,""killerId"":7,""position"":{""x'"
678,"b'"":6498,""y"":6402},""shutdownBounty"":0,""timestamp"":353376,""type"":""CHAMPION_KILL"",""victimDamageDealt"":[{""basic"":false,""magicDamage"":'"
679,"b'0,""name"":""Pantheon"",""participantId"":7,""physicalDamage"":67,""spellName"":""pantheone"",""spellSlot"":2,""trueDamage"":0,""type"":""OTHER""},{'"
680,"b'""basic"":false,""magicDamage"":1,""name"":""Pantheon"",""participantId"":7,""physicalDamage"":0,""spellName"":""itemdarkcrystalflask"",""spellSl'"
681,"b'ot"":6,""trueDamage"":0,""type"":""OTHER""},{""basic"":false,""magicDamage"":0,""name"":""Pantheon"",""participantId"":8,""physicalDamage"":40,""spe'"
682,"b'llName"":""pantheone"",""spellSlot"":2,""trueDamage"":0,""type"":""OTHER""},{""basic"":false,""magicDamage"":7,""name"":""Pantheon"",""participantId'"
683,"b'"":8,""physicalDamage"":0,""spellName"":""itemdarkcrystalflask"",""spellSlot"":6,""trueDamage"":0,""type"":""OTHER""},{""basic"":false,""magicDama'"
684,"b'ge"":0,""name"":""Pantheon"",""participantId"":10,""physicalDamage"":0,""spellName"":""pantheone"",""spellSlot"":2,""trueDamage"":0,""type"":""OTHER'"
685,"b'""}],""victimDamageReceived"":[{""basic"":false,""magicDamage"":0,""name"":""Qiyana"",""participantId"":8,""physicalDamage"":56,""spellName"":""qi'"
686,"b'yanapassive"",""spellSlot"":63,""trueDamage"":0,""type"":""OTHER""},{""basic"":false,""magicDamage"":27,""name"":""Qiyana"",""participantId"":8,""ph'"
687,"b'ysicalDamage"":0,""spellName"":""qiyanaw"",""spellSlot"":1,""trueDamage"":0,""type"":""OTHER""},{""basic"":false,""magicDamage"":0,""name"":""Qiyana'"
688,"b'"",""participantId"":8,""physicalDamage"":73,""spellName"":""qiyanaq_water"",""spellSlot"":0,""trueDamage"":0,""type"":""OTHER""},{""basic"":false,'"
689,"b'""magicDamage"":0,""name"":""Qiyana"",""participantId"":8,""physicalDamage"":165,""spellName"":""qiyanaq_rock"",""spellSlot"":0,""trueDamage"":0,""'"
690,"b'type"":""OTHER""},{""basic"":true,""magicDamage"":0,""name"":""Qiyana"",""participantId"":8,""physicalDamage"":161,""spellName"":""qiyanabasicatta'"
691,"b'ck"",""spellSlot"":64,""trueDamage"":0,""type"":""OTHER""},{""basic"":false,""magicDamage"":81,""name"":""Nidalee"",""participantId"":7,""physicalDa'"
692,"b'mage"":0,""spellName"":""swipe"",""spellSlot"":2,""trueDamage"":0,""type"":""OTHER""},{""basic"":false,""magicDamage"":59,""name"":""Nidalee"",""parti'"
693,"b'cipantId"":7,""physicalDamage"":0,""spellName"":""pounce"",""spellSlot"":1,""trueDamage"":0,""type"":""OTHER""},{""basic"":false,""magicDamage"":16'"
694,"b'7,""name"":""Nidalee"",""participantId"":7,""physicalDamage"":0,""spellName"":""takedown"",""spellSlot"":0,""trueDamage"":0,""type"":""OTHER""},{""ba'"
695,"b'sic"":true,""magicDamage"":0,""name"":""Rell"",""participantId"":10,""physicalDamage"":39,""spellName"":""rellbasicattack"",""spellSlot"":64,""tru'"
696,"b'eDamage"":0,""type"":""OTHER""}],""victimId"":3},{""level"":6,""participantId"":6,""timestamp"":356414,""type"":""LEVEL_UP""},{""itemId"":2055,""par'"
697,"b'ticipantId"":5,""timestamp"":356515,""type"":""ITEM_DESTROYED""},{""creatorId"":5,""timestamp"":356515,""type"":""WARD_PLACED"",""wardType"":""CON'"
698,"b'TROL_WARD""},{""levelUpType"":""NORMAL"",""participantId"":6,""skillSlot"":4,""timestamp"":356981,""type"":""SKILL_LEVEL_UP""},{""itemId"":1036,""'"
699,"b'participantId"":3,""timestamp"":357517,""type"":""ITEM_PURCHASED""}],""participantFrames"":{""1"":{""championStats"":{""abilityHaste"":0,""abili'"
700,"b'tyPower"":0,""armor"":52,""armorPen"":0,""armorPenPercent"":0,""attackDamage"":88,""attackSpeed"":135,""bonusArmorPenPercent"":0,""bonusMagicP'"
701,"b'enPercent"":0,""ccReduction"":25,""cooldownReduction"":0,""health"":249,""healthMax"":995,""healthRegen"":73,""lifesteal"":0,""magicPen"":0,""ma'"
702,"b'gicPenPercent"":0,""magicResist"":38,""movementSpeed"":340,""omnivamp"":0,""physicalVamp"":0,""power"":0,""powerMax"":60,""powerRegen"":0,""spel'"
703,"b'lVamp"":0},""currentGold"":568,""damageStats"":{""magicDamageDone"":3661,""magicDamageDoneToChampions"":441,""magicDamageTaken"":241,""physi'"
704,"b'calDamageDone"":9724,""physicalDamageDoneToChampions"":1462,""physicalDamageTaken"":2212,""totalDamageDone"":13386,""totalDamageDoneToCh'"
705,"b'ampions"":1903,""totalDamageTaken"":2607,""trueDamageDone"":0,""trueDamageDoneToChampions"":0,""trueDamageTaken"":153},""goldPerSecond"":0,'"
706,"b'""jungleMinionsKilled"":1,""level"":5,""minionsKilled"":24,""participantId"":1,""position"":{""x"":1887,""y"":12218},""timeEnemySpentControlled'"
707,"b'"":72835,""totalGold"":1568,""xp"":2373},""2"":{""championStats"":{""abilityHaste"":0,""abilityPower"":51,""armor"":45,""armorPen"":0,""armorPenPe'"
708,"b'rcent"":0,""attackDamage"":69,""attackSpeed"":122,""bonusArmorPenPercent"":0,""bonusMagicPenPercent"":0,""ccReduction"":0,""cooldownReductio'"
709,"b'n"":0,""health"":763,""healthMax"":854,""healthRegen"":19,""lifesteal"":0,""magicPen"":7,""magicPenPercent"":0,""magicResist"":36,""movementSpee'"
710,"b'd"":345,""omnivamp"":0,""physicalVamp"":0,""power"":533,""powerMax"":687,""powerRegen"":16,""spellVamp"":0},""currentGold"":237,""damageStats"":{'"
711,"b'""magicDamageDone"":4592,""magicDamageDoneToChampions"":431,""magicDamageTaken"":1299,""physicalDamageDone"":7728,""physicalDamageDoneToC'"
712,"b'hampions"":291,""physicalDamageTaken"":1560,""totalDamageDone"":16204,""totalDamageDoneToChampions"":723,""totalDamageTaken"":2860,""trueD'"
713,"b'amageDone"":3883,""trueDamageDoneToChampions"":0,""trueDamageTaken"":0},""goldPerSecond"":0,""jungleMinionsKilled"":28,""level"":4,""minions'"
714,"b'Killed"":2,""participantId"":2,""position"":{""x"":2312,""y"":12048},""timeEnemySpentControlled"":81604,""totalGold"":1847,""xp"":1513},""3"":{""c'"
715,"b'hampionStats"":{""abilityHaste"":0,""abilityPower"":0,""armor"":61,""armorPen"":0,""armorPenPercent"":0,""attackDamage"":119,""attackSpeed"":11'"
716,"b'3,""bonusArmorPenPercent"":0,""bonusMagicPenPercent"":0,""ccReduction"":0,""cooldownReduction"":0,""health"":0,""healthMax"":986,""healthRege'"
717,"b'n"":16,""lifesteal"":0,""magicPen"":0,""magicPenPercent"":0,""magicResist"":34,""movementSpeed"":345,""omnivamp"":0,""physicalVamp"":0,""power"":'"
718,"b'293,""powerMax"":412,""powerRegen"":17,""spellVamp"":0},""currentGold"":74,""damageStats"":{""magicDamageDone"":19,""magicDamageDoneToChampio'"
719,"b'ns"":19,""magicDamageTaken"":435,""physicalDamageDone"":9017,""physicalDamageDoneToChampions"":555,""physicalDamageTaken"":1520,""totalDam'"
720,"b'ageDone"":9167,""totalDamageDoneToChampions"":705,""totalDamageTaken"":1955,""trueDamageDone"":130,""trueDamageDoneToChampions"":130,""tru'"
721,"b'eDamageTaken"":0},""goldPerSecond"":0,""jungleMinionsKilled"":0,""level"":5,""minionsKilled"":40,""participantId"":3,""position"":{""x"":6498,""'"
722,"b'y"":6402},""timeEnemySpentControlled"":2204,""totalGold"":1799,""xp"":2247},""4"":{""championStats"":{""abilityHaste"":0,""abilityPower"":0,""ar'"
723,"b'mor"":41,""armorPen"":0,""armorPenPercent"":0,""attackDamage"":92,""attackSpeed"":158,""bonusArmorPenPercent"":0,""bonusMagicPenPercent"":0,""'"
724,"b'ccReduction"":0,""cooldownReduction"":0,""health"":811,""healthMax"":811,""healthRegen"":8,""lifesteal"":0,""magicPen"":0,""magicPenPercent"":0'"
725,"b',""magicResist"":32,""movementSpeed"":370,""omnivamp"":0,""physicalVamp"":0,""power"":405,""powerMax"":443,""powerRegen"":14,""spellVamp"":0},""c'"
726,"b'urrentGold"":378,""damageStats"":{""magicDamageDone"":0,""magicDamageDoneToChampions"":0,""magicDamageTaken"":224,""physicalDamageDone"":76'"
727,"b'03,""physicalDamageDoneToChampions"":1051,""physicalDamageTaken"":1020,""totalDamageDone"":7603,""totalDamageDoneToChampions"":1051,""tot'"
728,"b'alDamageTaken"":1289,""trueDamageDone"":0,""trueDamageDoneToChampions"":0,""trueDamageTaken"":44},""goldPerSecond"":0,""jungleMinionsKille'"
729,"b'd"":0,""level"":4,""minionsKilled"":43,""participantId"":4,""position"":{""x"":11114,""y"":1802},""timeEnemySpentControlled"":13102,""totalGold""'"
730,"b':1978,""xp"":1551},""5"":{""championStats"":{""abilityHaste"":0,""abilityPower"":8,""armor"":48,""armorPen"":0,""armorPenPercent"":0,""attackDama'"
731,"b'ge"":69,""attackSpeed"":107,""bonusArmorPenPercent"":0,""bonusMagicPenPercent"":0,""ccReduction"":5,""cooldownReduction"":0,""health"":901,""h'"
732,"b'ealthMax"":901,""healthRegen"":24,""lifesteal"":0,""magicPen"":0,""magicPenPercent"":0,""magicResist"":32,""movementSpeed"":375,""omnivamp"":0,'"
733,"b'""physicalVamp"":0,""power"":453,""powerMax"":453,""powerRegen"":15,""spellVamp"":0},""currentGold"":172,""damageStats"":{""magicDamageDone"":11'"
734,"b'57,""magicDamageDoneToChampions"":537,""magicDamageTaken"":221,""physicalDamageDone"":1662,""physicalDamageDoneToChampions"":558,""physic'"
735,"b'alDamageTaken"":1243,""totalDamageDone"":3914,""totalDamageDoneToChampions"":1183,""totalDamageTaken"":1465,""trueDamageDone"":1094,""true'"
736,"b'DamageDoneToChampions"":88,""trueDamageTaken"":0},""goldPerSecond"":20,""jungleMinionsKilled"":0,""level"":4,""minionsKilled"":8,""participa'"
737,"b'ntId"":5,""position"":{""x"":10978,""y"":2271},""timeEnemySpentControlled"":15186,""totalGold"":1697,""xp"":1363},""6"":{""championStats"":{""abil'"
738,"b'ityHaste"":0,""abilityPower"":0,""armor"":63,""armorPen"":0,""armorPenPercent"":0,""attackDamage"":79,""attackSpeed"":131,""bonusArmorPenPerce'"
739,"b'nt"":0,""bonusMagicPenPercent"":0,""ccReduction"":0,""cooldownReduction"":0,""health"":371,""healthMax"":1120,""healthRegen"":12,""lifesteal"":'"
740,"b'0,""magicPen"":0,""magicPenPercent"":0,""magicResist"":35,""movementSpeed"":275,""omnivamp"":2,""physicalVamp"":0,""power"":183,""powerMax"":508'"
741,"b',""powerRegen"":40,""spellVamp"":0},""currentGold"":631,""damageStats"":{""magicDamageDone"":614,""magicDamageDoneToChampions"":209,""magicDa'"
742,"b'mageTaken"":466,""physicalDamageDone"":9943,""physicalDamageDoneToChampions"":1458,""physicalDamageTaken"":1945,""totalDamageDone"":10687'"
743,"b',""totalDamageDoneToChampions"":1798,""totalDamageTaken"":2412,""trueDamageDone"":130,""trueDamageDoneToChampions"":130,""trueDamageTaken'"
744,"b'"":0},""goldPerSecond"":0,""jungleMinionsKilled"":0,""level"":6,""minionsKilled"":39,""participantId"":6,""position"":{""x"":3379,""y"":13213},""t'"
745,"b'imeEnemySpentControlled"":0,""totalGold"":1881,""xp"":2440},""7"":{""championStats"":{""abilityHaste"":0,""abilityPower"":66,""armor"":53,""armo'"
746,"b'rPen"":0,""armorPenPercent"":0,""attackDamage"":68,""attackSpeed"":119,""bonusArmorPenPercent"":0,""bonusMagicPenPercent"":0,""ccReduction"":'"
747,"b'0,""cooldownReduction"":0,""health"":918,""healthMax"":986,""healthRegen"":15,""lifesteal"":0,""magicPen"":0,""magicPenPercent"":0,""magicResis'"
748,"b't"":34,""movementSpeed"":401,""omnivamp"":0,""physicalVamp"":0,""power"":374,""powerMax"":434,""powerRegen"":36,""spellVamp"":0},""currentGold"":'"
749,"b'1005,""damageStats"":{""magicDamageDone"":14066,""magicDamageDoneToChampions"":366,""magicDamageTaken"":99,""physicalDamageDone"":4615,""ph'"
750,"b'ysicalDamageDoneToChampions"":100,""physicalDamageTaken"":3213,""totalDamageDone"":26601,""totalDamageDoneToChampions"":491,""totalDamag'"
751,"b'eTaken"":3443,""trueDamageDone"":7920,""trueDamageDoneToChampions"":23,""trueDamageTaken"":130},""goldPerSecond"":0,""jungleMinionsKilled""'"
752,"b':35,""level"":5,""minionsKilled"":1,""participantId"":7,""position"":{""x"":5863,""y"":8481},""timeEnemySpentControlled"":99948,""totalGold"":23'"
753,"b'65,""xp"":1796},""8"":{""championStats"":{""abilityHaste"":0,""abilityPower"":0,""armor"":48,""armorPen"":0,""armorPenPercent"":0,""attackDamage""'"
754,"b':116,""attackSpeed"":106,""bonusArmorPenPercent"":0,""bonusMagicPenPercent"":0,""ccReduction"":9,""cooldownReduction"":0,""health"":607,""hea'"
755,"b'lthMax"":988,""healthRegen"":17,""lifesteal"":0,""magicPen"":0,""magicPenPercent"":0,""magicResist"":38,""movementSpeed"":335,""omnivamp"":0,""p'"
756,"b'hysicalVamp"":0,""power"":450,""powerMax"":759,""powerRegen"":20,""spellVamp"":0},""currentGold"":477,""damageStats"":{""magicDamageDone"":626,'"
757,"b'""magicDamageDoneToChampions"":100,""magicDamageTaken"":14,""physicalDamageDone"":9045,""physicalDamageDoneToChampions"":1336,""physicalD'"
758,"b'amageTaken"":615,""totalDamageDone"":9672,""totalDamageDoneToChampions"":1437,""totalDamageTaken"":630,""trueDamageDone"":0,""trueDamageDo'"
759,"b'neToChampions"":0,""trueDamageTaken"":0},""goldPerSecond"":0,""jungleMinionsKilled"":0,""level"":5,""minionsKilled"":31,""participantId"":8,""'"
760,"b'position"":{""x"":6860,""y"":7168},""timeEnemySpentControlled"":14239,""totalGold"":2127,""xp"":1981},""9"":{""championStats"":{""abilityHaste"":'"
761,"b'0,""abilityPower"":0,""armor"":42,""armorPen"":0,""armorPenPercent"":0,""attackDamage"":136,""attackSpeed"":117,""bonusArmorPenPercent"":0,""bo'"
762,"b'nusMagicPenPercent"":0,""ccReduction"":0,""cooldownReduction"":0,""health"":924,""healthMax"":924,""healthRegen"":8,""lifesteal"":1,""magicPen'"
763,"b'"":0,""magicPenPercent"":0,""magicResist"":32,""movementSpeed"":335,""omnivamp"":2,""physicalVamp"":0,""power"":435,""powerMax"":435,""powerRege'"
764,"b'n"":113,""spellVamp"":0},""currentGold"":41,""damageStats"":{""magicDamageDone"":519,""magicDamageDoneToChampions"":351,""magicDamageTaken"":'"
765,"b'454,""physicalDamageDone"":4864,""physicalDamageDoneToChampions"":1618,""physicalDamageTaken"":935,""totalDamageDone"":5384,""totalDamage'"
766,"b'DoneToChampions"":1970,""totalDamageTaken"":1390,""trueDamageDone"":0,""trueDamageDoneToChampions"":0,""trueDamageTaken"":0},""goldPerSeco'"
767,"b'nd"":0,""jungleMinionsKilled"":0,""level"":4,""minionsKilled"":26,""participantId"":9,""position"":{""x"":13440,""y"":6880},""timeEnemySpentCont'"
768,"b'rolled"":0,""totalGold"":2741,""xp"":1423},""10"":{""championStats"":{""abilityHaste"":0,""abilityPower"":14,""armor"":64,""armorPen"":0,""armorPe'"
769,"b'nPercent"":0,""attackDamage"":61,""attackSpeed"":133,""bonusArmorPenPercent"":0,""bonusMagicPenPercent"":0,""ccReduction"":0,""cooldownReduc'"
770,"b'tion"":0,""health"":681,""healthMax"":875,""healthRegen"":28,""lifesteal"":0,""magicPen"":0,""magicPenPercent"":0,""magicResist"":38,""movementS'"
771,"b'peed"":360,""omnivamp"":0,""physicalVamp"":0,""power"":338,""powerMax"":451,""powerRegen"":13,""spellVamp"":0},""currentGold"":247,""damageStats'"
772,"b'"":{""magicDamageDone"":669,""magicDamageDoneToChampions"":265,""magicDamageTaken"":395,""physicalDamageDone"":716,""physicalDamageDoneToC'"
773,"b'hampions"":67,""physicalDamageTaken"":1266,""totalDamageDone"":3744,""totalDamageDoneToChampions"":377,""totalDamageTaken"":1750,""trueDam'"
774,"b'ageDone"":2358,""trueDamageDoneToChampions"":44,""trueDamageTaken"":88},""goldPerSecond"":20,""jungleMinionsKilled"":0,""level"":4,""minions'"
775,"b'Killed"":5,""participantId"":10,""position"":{""x"":8470,""y"":6286},""timeEnemySpentControlled"":37441,""totalGold"":1772,""xp"":1645}},""times'"
776,"b'tamp"":360162},{""events"":[{""level"":6,""participantId"":1,""timestamp"":362469,""type"":""LEVEL_UP""},{""creatorId"":7,""timestamp"":363201,""t'"
777,"b'ype"":""WARD_PLACED"",""wardType"":""UNDEFINED""},{""levelUpType"":""NORMAL"",""participantId"":1,""skillSlot"":4,""timestamp"":363735,""type"":""SK'"
778,"b'ILL_LEVEL_UP""},{""killerId"":8,""laneType"":""MID_LANE"",""position"":{""x"":5846,""y"":6396},""teamId"":100,""timestamp"":379296,""type"":""TURRET'"
779,"b'_PLATE_DESTROYED""},{""level"":5,""participantId"":4,""timestamp"":384475,""type"":""LEVEL_UP""},{""itemId"":2010,""participantId"":5,""timestam'"
780,"b'p"":389846,""type"":""ITEM_DESTROYED""},{""assistingParticipantIds"":[10],""bounty"":300,""killStreakLength"":3,""killerId"":9,""position"":{""x'"
781,"b'"":11274,""y"":1171},""shutdownBounty"":0,""timestamp"":389946,""type"":""CHAMPION_KILL"",""victimDamageDealt"":[{""basic"":false,""magicDamage""'"
782,"b':61,""name"":""Thresh"",""participantId"":9,""physicalDamage"":0,""spellName"":""threshe"",""spellSlot"":2,""trueDamage"":0,""type"":""OTHER""},{""ba'"
783,"b'sic"":false,""magicDamage"":118,""name"":""Thresh"",""participantId"":9,""physicalDamage"":0,""spellName"":""threshq"",""spellSlot"":0,""trueDamag'"
784,"b'e"":0,""type"":""OTHER""},{""basic"":false,""magicDamage"":0,""name"":""Thresh"",""participantId"":10,""physicalDamage"":0,""spellName"":""threshe"",'"
785,"b'""spellSlot"":2,""trueDamage"":0,""type"":""OTHER""}],""victimDamageReceived"":[{""basic"":true,""magicDamage"":0,""name"":""SRU_ChaosMinionMelee'"
786,"b'"",""participantId"":0,""physicalDamage"":9,""spellName"":""sru_chaosminionrangedbasicattack"",""spellSlot"":64,""trueDamage"":0,""type"":""MINI'"
787,"b'ON""},{""basic"":true,""magicDamage"":0,""name"":""SRU_ChaosMinionMelee"",""participantId"":0,""physicalDamage"":8,""spellName"":""sru_chaosmini'"
788,"b'onmeleebasicattack"",""spellSlot"":64,""trueDamage"":0,""type"":""MINION""},{""basic"":false,""magicDamage"":47,""name"":""Rell"",""participantId""'"
789,"b':10,""physicalDamage"":0,""spellName"":""rellq"",""spellSlot"":0,""trueDamage"":0,""type"":""OTHER""},{""basic"":false,""magicDamage"":12,""name"":""'"
790,"b'Rell"",""participantId"":10,""physicalDamage"":0,""spellName"":""rellw_dismount"",""spellSlot"":1,""trueDamage"":0,""type"":""OTHER""},{""basic"":f'"
791,"b'alse,""magicDamage"":49,""name"":""Rell"",""participantId"":10,""physicalDamage"":0,""spellName"":""relle"",""spellSlot"":2,""trueDamage"":0,""type'"
792,"b'"":""OTHER""},{""basic"":true,""magicDamage"":0,""name"":""Rell"",""participantId"":10,""physicalDamage"":42,""spellName"":""rellbasicattack2"",""sp'"
793,"b'ellSlot"":65,""trueDamage"":0,""type"":""OTHER""},{""basic"":true,""magicDamage"":0,""name"":""Rell"",""participantId"":10,""physicalDamage"":42,""s'"
794,"b'pellName"":""rellbasicattack"",""spellSlot"":64,""trueDamage"":0,""type"":""OTHER""},{""basic"":false,""magicDamage"":0,""name"":""Samira"",""partic'"
795,"b'ipantId"":9,""physicalDamage"":16,""spellName"":"""",""spellSlot"":-1,""trueDamage"":0,""type"":""OTHER""},{""basic"":true,""magicDamage"":0,""name""'"
796,"b':""Samira"",""participantId"":9,""physicalDamage"":163,""spellName"":""samirapassive"",""spellSlot"":63,""trueDamage"":0,""type"":""OTHER""},{""bas'"
797,"b'ic"":false,""magicDamage"":61,""name"":""Samira"",""participantId"":9,""physicalDamage"":0,""spellName"":""samirae"",""spellSlot"":2,""trueDamage""'"
798,"b':0,""type"":""OTHER""},{""basic"":false,""magicDamage"":30,""name"":""Samira"",""participantId"":9,""physicalDamage"":83,""spellName"":""samirapass'"
799,"b'ive"",""spellSlot"":63,""trueDamage"":0,""type"":""OTHER""},{""basic"":true,""magicDamage"":0,""name"":""Samira"",""participantId"":9,""physicalDama'"
800,"b'ge"":98,""spellName"":""samirabasicattack2"",""spellSlot"":65,""trueDamage"":0,""type"":""OTHER""},{""basic"":false,""magicDamage"":14,""name"":""Sa'"
801,"b'mira"",""participantId"":9,""physicalDamage"":100,""spellName"":""samiraq"",""spellSlot"":0,""trueDamage"":0,""type"":""OTHER""},{""basic"":false,""'"
802,"b'magicDamage"":31,""name"":""Samira"",""participantId"":9,""physicalDamage"":123,""spellName"":""samiraw"",""spellSlot"":1,""trueDamage"":0,""type""'"
803,"b':""OTHER""}],""victimId"":5},{""level"":5,""participantId"":10,""timestamp"":389946,""type"":""LEVEL_UP""},{""levelUpType"":""NORMAL"",""participan'"
804,"b'tId"":4,""skillSlot"":1,""timestamp"":390413,""type"":""SKILL_LEVEL_UP""},{""assistingParticipantIds"":[6],""bounty"":274,""killStreakLength"":'"
805,"b'1,""killerId"":7,""position"":{""x"":4056,""y"":12425},""shutdownBounty"":0,""timestamp"":390881,""type"":""CHAMPION_KILL"",""victimDamageDealt"":'"
806,"b'[{""basic"":true,""magicDamage"":0,""name"":""Shaco"",""participantId"":7,""physicalDamage"":45,""spellName"":""shacobasicattack2"",""spellSlot"":'"
807,"b'65,""trueDamage"":0,""type"":""OTHER""}],""victimDamageReceived"":[{""basic"":false,""magicDamage"":59,""name"":""Nidalee"",""participantId"":7,""p'"
808,"b'hysicalDamage"":0,""spellName"":""pounce"",""spellSlot"":1,""trueDamage"":0,""type"":""OTHER""},{""basic"":false,""magicDamage"":76,""name"":""Nidal'"
809,"b'ee"",""participantId"":7,""physicalDamage"":0,""spellName"":""swipe"",""spellSlot"":2,""trueDamage"":0,""type"":""OTHER""},{""basic"":false,""magicD'"
810,"b'amage"":208,""name"":""Nidalee"",""participantId"":7,""physicalDamage"":0,""spellName"":""javelintoss"",""spellSlot"":0,""trueDamage"":0,""type"":""'"
811,"b'OTHER""},{""basic"":true,""magicDamage"":0,""name"":""Nidalee"",""participantId"":7,""physicalDamage"":99,""spellName"":""nidaleebasicattack"",""s'"
812,"b'pellSlot"":64,""trueDamage"":0,""type"":""OTHER""},{""basic"":false,""magicDamage"":141,""name"":""Nidalee"",""participantId"":7,""physicalDamage""'"
813,"b':0,""spellName"":""takedown"",""spellSlot"":0,""trueDamage"":0,""type"":""OTHER""},{""basic"":true,""magicDamage"":0,""name"":""Akshan"",""participan'"
814,"b'tId"":6,""physicalDamage"":29,""spellName"":""akshanpassive"",""spellSlot"":63,""trueDamage"":0,""type"":""OTHER""},{""basic"":false,""magicDamage'"
815,"b'"":27,""name"":""Akshan"",""participantId"":6,""physicalDamage"":0,""spellName"":""akshanpassive"",""spellSlot"":63,""trueDamage"":0,""type"":""OTHE'"
816,"b'R""},{""basic"":false,""magicDamage"":0,""name"":""Akshan"",""participantId"":6,""physicalDamage"":81,""spellName"":""akshane"",""spellSlot"":2,""tr'"
817,"b'ueDamage"":0,""type"":""OTHER""},{""basic"":true,""magicDamage"":0,""name"":""Akshan"",""participantId"":6,""physicalDamage"":58,""spellName"":""aks'"
818,"b'hanbasicattack"",""spellSlot"":64,""trueDamage"":0,""type"":""OTHER""},{""basic"":false,""magicDamage"":0,""name"":""Akshan"",""participantId"":6,""'"
819,"b'physicalDamage"":40,""spellName"":""akshaneattack"",""spellSlot"":47,""trueDamage"":0,""type"":""OTHER""}],""victimId"":2},{""levelUpType"":""NORM'"
820,"b'AL"",""participantId"":10,""skillSlot"":3,""timestamp"":392380,""type"":""SKILL_LEVEL_UP""},{""creatorId"":4,""timestamp"":394647,""type"":""WARD_'"
821,"b'PLACED"",""wardType"":""YELLOW_TRINKET""},{""itemId"":1029,""participantId"":5,""timestamp"":395914,""type"":""ITEM_PURCHASED""},{""creatorId"":7'"
822,"b',""timestamp"":396082,""type"":""WARD_PLACED"",""wardType"":""UNDEFINED""},{""level"":6,""participantId"":3,""timestamp"":397779,""type"":""LEVEL_U'"
823,"b'P""},{""levelUpType"":""NORMAL"",""participantId"":3,""skillSlot"":4,""timestamp"":398977,""type"":""SKILL_LEVEL_UP""},{""bounty"":300,""killStrea'"
824,"b'kLength"":0,""killerId"":1,""position"":{""x"":1804,""y"":11262},""shutdownBounty"":0,""timestamp"":406682,""type"":""CHAMPION_KILL"",""victimDama'"
825,"b'geDealt"":[{""basic"":false,""magicDamage"":0,""name"":""Qiyana"",""participantId"":1,""physicalDamage"":47,""spellName"":""qiyanae"",""spellSlot""'"
826,"b':2,""trueDamage"":0,""type"":""OTHER""},{""basic"":false,""magicDamage"":0,""name"":""Qiyana"",""participantId"":1,""physicalDamage"":28,""spellNam'"
827,"b'e"":""qiyanapassive"",""spellSlot"":63,""trueDamage"":0,""type"":""OTHER""},{""basic"":false,""magicDamage"":17,""name"":""Qiyana"",""participantId""'"
828,"b':1,""physicalDamage"":0,""spellName"":""qiyanaw"",""spellSlot"":1,""trueDamage"":0,""type"":""OTHER""},{""basic"":false,""magicDamage"":0,""name"":""'"
829,"b'Qiyana"",""participantId"":1,""physicalDamage"":163,""spellName"":""qiyanaq_rock"",""spellSlot"":0,""trueDamage"":0,""type"":""OTHER""}],""victimD'"
830,"b'amageReceived"":[{""basic"":false,""magicDamage"":0,""name"":""Belveth"",""participantId"":1,""physicalDamage"":152,""spellName"":""belvethq"",""s'"
831,"b'pellSlot"":0,""trueDamage"":0,""type"":""OTHER""},{""basic"":false,""magicDamage"":135,""name"":""Belveth"",""participantId"":1,""physicalDamage"":'"
832,"b'0,""spellName"":""belvethw"",""spellSlot"":1,""trueDamage"":0,""type"":""OTHER""},{""basic"":false,""magicDamage"":0,""name"":""Belveth"",""participa'"
833,"b'ntId"":1,""physicalDamage"":77,""spellName"":"""",""spellSlot"":-1,""trueDamage"":0,""type"":""OTHER""},{""basic"":true,""magicDamage"":0,""name"":""T'"
834,"b'urret"",""participantId"":0,""physicalDamage"":455,""spellName"":""turretbasicattack"",""spellSlot"":64,""trueDamage"":0,""type"":""TOWER""}],""vi'"
835,"b'ctimId"":8},{""itemId"":1028,""participantId"":10,""timestamp"":412756,""type"":""ITEM_PURCHASED""},{""itemId"":2055,""participantId"":10,""time'"
836,"b'stamp"":412955,""type"":""ITEM_PURCHASED""},{""killerId"":3,""timestamp"":413457,""type"":""WARD_KILL"",""wardType"":""CONTROL_WARD""},{""itemId"":'"
837,"b'1036,""participantId"":8,""timestamp"":415960,""type"":""ITEM_PURCHASED""},{""itemId"":1036,""participantId"":8,""timestamp"":416161,""type"":""I'"
838,"b'TEM_PURCHASED""},{""itemId"":1001,""participantId"":6,""timestamp"":416628,""type"":""ITEM_DESTROYED""},{""itemId"":1029,""participantId"":6,""t'"
839,"b'imestamp"":416628,""type"":""ITEM_DESTROYED""},{""itemId"":3047,""participantId"":6,""timestamp"":416628,""type"":""ITEM_PURCHASED""},{""itemId""'"
840,"b':2055,""participantId"":8,""timestamp"":416897,""type"":""ITEM_PURCHASED""},{""creatorId"":7,""timestamp"":418861,""type"":""WARD_PLACED"",""ward'"
841,"b'Type"":""UNDEFINED""},{""itemId"":1036,""participantId"":6,""timestamp"":419359,""type"":""ITEM_PURCHASED""}],""participantFrames"":{""1"":{""cham'"
842,"b'pionStats"":{""abilityHaste"":0,""abilityPower"":0,""armor"":56,""armorPen"":0,""armorPenPercent"":0,""attackDamage"":86,""attackSpeed"":108,""b'"
843,"b'onusArmorPenPercent"":0,""bonusMagicPenPercent"":0,""ccReduction"":25,""cooldownReduction"":0,""health"":263,""healthMax"":1081,""healthRege'"
844,"b'n"":24,""lifesteal"":0,""magicPen"":0,""magicPenPercent"":0,""magicResist"":40,""movementSpeed"":340,""omnivamp"":0,""physicalVamp"":0,""power"":'"
845,"b'0,""powerMax"":60,""powerRegen"":0,""spellVamp"":0},""currentGold"":1143,""damageStats"":{""magicDamageDone"":4607,""magicDamageDoneToChampio'"
846,"b'ns"":705,""magicDamageTaken"":397,""physicalDamageDone"":10997,""physicalDamageDoneToChampions"":1779,""physicalDamageTaken"":2589,""total'"
847,"b'DamageDone"":15611,""totalDamageDoneToChampions"":2485,""totalDamageTaken"":3139,""trueDamageDone"":6,""trueDamageDoneToChampions"":0,""tr'"
848,"b'ueDamageTaken"":153},""goldPerSecond"":0,""jungleMinionsKilled"":1,""level"":6,""minionsKilled"":31,""participantId"":1,""position"":{""x"":123'"
849,"b'9,""y"":10913},""timeEnemySpentControlled"":88067,""totalGold"":2143,""xp"":2926},""2"":{""championStats"":{""abilityHaste"":0,""abilityPower"":'"
850,"b'51,""armor"":45,""armorPen"":0,""armorPenPercent"":0,""attackDamage"":69,""attackSpeed"":122,""bonusArmorPenPercent"":0,""bonusMagicPenPercen'"
851,"b't"":0,""ccReduction"":0,""cooldownReduction"":0,""health"":854,""healthMax"":854,""healthRegen"":19,""lifesteal"":0,""magicPen"":0,""magicPenPer'"
852,"b'cent"":0,""magicResist"":36,""movementSpeed"":345,""omnivamp"":0,""physicalVamp"":0,""power"":605,""powerMax"":687,""powerRegen"":32,""spellVamp'"
853,"b'"":0},""currentGold"":373,""damageStats"":{""magicDamageDone"":5017,""magicDamageDoneToChampions"":431,""magicDamageTaken"":1813,""physicalD'"
854,"b'amageDone"":8329,""physicalDamageDoneToChampions"":337,""physicalDamageTaken"":1911,""totalDamageDone"":17230,""totalDamageDoneToChampio'"
855,"b'ns"":768,""totalDamageTaken"":3724,""trueDamageDone"":3883,""trueDamageDoneToChampions"":0,""trueDamageTaken"":0},""goldPerSecond"":0,""jung'"
856,"b'leMinionsKilled"":28,""level"":4,""minionsKilled"":3,""participantId"":2,""position"":{""x"":3776,""y"":6497},""timeEnemySpentControlled"":1006'"
857,"b'55,""totalGold"":1983,""xp"":1637},""3"":{""championStats"":{""abilityHaste"":0,""abilityPower"":0,""armor"":65,""armorPen"":0,""armorPenPercent""'"
858,"b':10,""attackDamage"":122,""attackSpeed"":116,""bonusArmorPenPercent"":0,""bonusMagicPenPercent"":0,""ccReduction"":0,""cooldownReduction"":0'"
859,"b',""health"":1080,""healthMax"":1080,""healthRegen"":17,""lifesteal"":0,""magicPen"":0,""magicPenPercent"":0,""magicResist"":36,""movementSpeed""'"
860,"b':345,""omnivamp"":0,""physicalVamp"":0,""power"":316,""powerMax"":439,""powerRegen"":18,""spellVamp"":0},""currentGold"":345,""damageStats"":{""m'"
861,"b'agicDamageDone"":19,""magicDamageDoneToChampions"":19,""magicDamageTaken"":435,""physicalDamageDone"":13349,""physicalDamageDoneToChampi'"
862,"b'ons"":555,""physicalDamageTaken"":1556,""totalDamageDone"":13499,""totalDamageDoneToChampions"":705,""totalDamageTaken"":1992,""trueDamage'"
863,"b'Done"":130,""trueDamageDoneToChampions"":130,""trueDamageTaken"":0},""goldPerSecond"":0,""jungleMinionsKilled"":0,""level"":6,""minionsKille'"
864,"b'd"":48,""participantId"":3,""position"":{""x"":8045,""y"":8103},""timeEnemySpentControlled"":2204,""totalGold"":2075,""xp"":2653},""4"":{""champio'"
865,"b'nStats"":{""abilityHaste"":0,""abilityPower"":0,""armor"":44,""armorPen"":0,""armorPenPercent"":0,""attackDamage"":100,""attackSpeed"":160,""bon'"
866,"b'usArmorPenPercent"":0,""bonusMagicPenPercent"":0,""ccReduction"":0,""cooldownReduction"":0,""health"":842,""healthMax"":895,""healthRegen"":9'"
867,"b',""lifesteal"":0,""magicPen"":0,""magicPenPercent"":0,""magicResist"":34,""movementSpeed"":370,""omnivamp"":0,""physicalVamp"":0,""power"":406,""'"
868,"b'powerMax"":477,""powerRegen"":15,""spellVamp"":0},""currentGold"":782,""damageStats"":{""magicDamageDone"":109,""magicDamageDoneToChampions""'"
869,"b':109,""magicDamageTaken"":245,""physicalDamageDone"":11693,""physicalDamageDoneToChampions"":1792,""physicalDamageTaken"":1231,""totalDam'"
870,"b'ageDone"":11803,""totalDamageDoneToChampions"":1902,""totalDamageTaken"":1520,""trueDamageDone"":0,""trueDamageDoneToChampions"":0,""trueD'"
871,"b'amageTaken"":44},""goldPerSecond"":0,""jungleMinionsKilled"":0,""level"":5,""minionsKilled"":56,""participantId"":4,""position"":{""x"":11326,""'"
872,"b'y"":1643},""timeEnemySpentControlled"":36029,""totalGold"":2382,""xp"":2110},""5"":{""championStats"":{""abilityHaste"":0,""abilityPower"":9,""a'"
873,"b'rmor"":64,""armorPen"":0,""armorPenPercent"":0,""attackDamage"":69,""attackSpeed"":107,""bonusArmorPenPercent"":0,""bonusMagicPenPercent"":0,'"
874,"b'""ccReduction"":5,""cooldownReduction"":0,""health"":901,""healthMax"":901,""healthRegen"":24,""lifesteal"":0,""magicPen"":0,""magicPenPercent""'"
875,"b':0,""magicResist"":32,""movementSpeed"":375,""omnivamp"":0,""physicalVamp"":0,""power"":493,""powerMax"":493,""powerRegen"":15,""spellVamp"":0},'"
876,"b'""currentGold"":72,""damageStats"":{""magicDamageDone"":1537,""magicDamageDoneToChampions"":717,""magicDamageTaken"":468,""physicalDamageDo'"
877,"b'ne"":1801,""physicalDamageDoneToChampions"":558,""physicalDamageTaken"":1932,""totalDamageDone"":4492,""totalDamageDoneToChampions"":1363'"
878,"b',""totalDamageTaken"":2400,""trueDamageDone"":1153,""trueDamageDoneToChampions"":88,""trueDamageTaken"":0},""goldPerSecond"":20,""jungleMin'"
879,"b'ionsKilled"":0,""level"":4,""minionsKilled"":9,""participantId"":5,""position"":{""x"":8260,""y"":1137},""timeEnemySpentControlled"":19931,""tot'"
880,"b'alGold"":1897,""xp"":1552},""6"":{""championStats"":{""abilityHaste"":0,""abilityPower"":0,""armor"":68,""armorPen"":0,""armorPenPercent"":0,""att'"
881,"b'ackDamage"":95,""attackSpeed"":133,""bonusArmorPenPercent"":0,""bonusMagicPenPercent"":0,""ccReduction"":0,""cooldownReduction"":0,""health""'"
882,"b':1005,""healthMax"":1120,""healthRegen"":12,""lifesteal"":0,""magicPen"":0,""magicPenPercent"":0,""magicResist"":35,""movementSpeed"":375,""omn'"
883,"b'ivamp"":2,""physicalVamp"":0,""power"":321,""powerMax"":508,""powerRegen"":21,""spellVamp"":0},""currentGold"":103,""damageStats"":{""magicDamag'"
884,"b'eDone"":761,""magicDamageDoneToChampions"":251,""magicDamageTaken"":466,""physicalDamageDone"":11205,""physicalDamageDoneToChampions"":18'"
885,"b'01,""physicalDamageTaken"":1981,""totalDamageDone"":12097,""totalDamageDoneToChampions"":2183,""totalDamageTaken"":2447,""trueDamageDone""'"
886,"b':130,""trueDamageDoneToChampions"":130,""trueDamageTaken"":0},""goldPerSecond"":0,""jungleMinionsKilled"":0,""level"":6,""minionsKilled"":43'"
887,"b',""participantId"":6,""position"":{""x"":13663,""y"":14269},""timeEnemySpentControlled"":0,""totalGold"":2203,""xp"":2883},""7"":{""championStats'"
888,"b'"":{""abilityHaste"":0,""abilityPower"":76,""armor"":53,""armorPen"":0,""armorPenPercent"":0,""attackDamage"":68,""attackSpeed"":119,""bonusArmo'"
889,"b'rPenPercent"":0,""bonusMagicPenPercent"":0,""ccReduction"":0,""cooldownReduction"":0,""health"":834,""healthMax"":986,""healthRegen"":15,""lif'"
890,"b'esteal"":0,""magicPen"":0,""magicPenPercent"":0,""magicResist"":34,""movementSpeed"":462,""omnivamp"":0,""physicalVamp"":0,""power"":220,""power'"
891,"b'Max"":434,""powerRegen"":85,""spellVamp"":0},""currentGold"":1620,""damageStats"":{""magicDamageDone"":17275,""magicDamageDoneToChampions"":9'"
892,"b'76,""magicDamageTaken"":226,""physicalDamageDone"":5375,""physicalDamageDoneToChampions"":200,""physicalDamageTaken"":3750,""totalDamageD'"
893,"b'one"":31151,""totalDamageDoneToChampions"":1200,""totalDamageTaken"":4107,""trueDamageDone"":8500,""trueDamageDoneToChampions"":23,""trueD'"
894,"b'amageTaken"":130},""goldPerSecond"":0,""jungleMinionsKilled"":39,""level"":5,""minionsKilled"":1,""participantId"":7,""position"":{""x"":4844,""'"
895,"b'y"":9658},""timeEnemySpentControlled"":99948,""totalGold"":2980,""xp"":2172},""8"":{""championStats"":{""abilityHaste"":0,""abilityPower"":0,""a'"
896,"b'rmor"":48,""armorPen"":0,""armorPenPercent"":0,""attackDamage"":136,""attackSpeed"":106,""bonusArmorPenPercent"":0,""bonusMagicPenPercent"":0'"
897,"b',""ccReduction"":9,""cooldownReduction"":0,""health"":0,""healthMax"":991,""healthRegen"":17,""lifesteal"":0,""magicPen"":0,""magicPenPercent"":'"
898,"b'0,""magicResist"":38,""movementSpeed"":335,""omnivamp"":0,""physicalVamp"":0,""power"":297,""powerMax"":774,""powerRegen"":20,""spellVamp"":0},""'"
899,"b'currentGold"":83,""damageStats"":{""magicDamageDone"":717,""magicDamageDoneToChampions"":118,""magicDamageTaken"":150,""physicalDamageDone'"
900,"b'"":11153,""physicalDamageDoneToChampions"":1576,""physicalDamageTaken"":1301,""totalDamageDone"":11871,""totalDamageDoneToChampions"":169'"
901,"b'4,""totalDamageTaken"":1451,""trueDamageDone"":0,""trueDamageDoneToChampions"":0,""trueDamageTaken"":0},""goldPerSecond"":0,""jungleMinions'"
902,"b'Killed"":0,""level"":5,""minionsKilled"":36,""participantId"":8,""position"":{""x"":1804,""y"":11262},""timeEnemySpentControlled"":14239,""total'"
903,"b'Gold"":2508,""xp"":2257},""9"":{""championStats"":{""abilityHaste"":0,""abilityPower"":0,""armor"":42,""armorPen"":0,""armorPenPercent"":0,""attac'"
904,"b'kDamage"":137,""attackSpeed"":117,""bonusArmorPenPercent"":0,""bonusMagicPenPercent"":0,""ccReduction"":0,""cooldownReduction"":0,""health"":'"
905,"b'542,""healthMax"":924,""healthRegen"":8,""lifesteal"":1,""magicPen"":0,""magicPenPercent"":0,""magicResist"":32,""movementSpeed"":335,""omnivam'"
906,"b'p"":2,""physicalVamp"":0,""power"":435,""powerMax"":435,""powerRegen"":113,""spellVamp"":0},""currentGold"":560,""damageStats"":{""magicDamageDo'"
907,"b'ne"":759,""magicDamageDoneToChampions"":509,""magicDamageTaken"":694,""physicalDamageDone"":5983,""physicalDamageDoneToChampions"":2328,""'"
908,"b'physicalDamageTaken"":1171,""totalDamageDone"":6742,""totalDamageDoneToChampions"":2838,""totalDamageTaken"":1865,""trueDamageDone"":0,""t'"
909,"b'rueDamageDoneToChampions"":0,""trueDamageTaken"":0},""goldPerSecond"":0,""jungleMinionsKilled"":0,""level"":4,""minionsKilled"":30,""partici'"
910,"b'pantId"":9,""position"":{""x"":12403,""y"":2401},""timeEnemySpentControlled"":299,""totalGold"":3260,""xp"":1704},""10"":{""championStats"":{""abi'"
911,"b'lityHaste"":0,""abilityPower"":5,""armor"":60,""armorPen"":0,""armorPenPercent"":0,""attackDamage"":64,""attackSpeed"":104,""bonusArmorPenPerc'"
912,"b'ent"":0,""bonusMagicPenPercent"":0,""ccReduction"":0,""cooldownReduction"":0,""health"":975,""healthMax"":1111,""healthRegen"":30,""lifesteal""'"
913,"b':0,""magicPen"":0,""magicPenPercent"":0,""magicResist"":35,""movementSpeed"":392,""omnivamp"":0,""physicalVamp"":0,""power"":454,""powerMax"":48'"
914,"b'9,""powerRegen"":14,""spellVamp"":0},""currentGold"":77,""damageStats"":{""magicDamageDone"":778,""magicDamageDoneToChampions"":374,""magicDa'"
915,"b'mageTaken"":445,""physicalDamageDone"":868,""physicalDamageDoneToChampions"":152,""physicalDamageTaken"":1789,""totalDamageDone"":4272,""t'"
916,"b'otalDamageDoneToChampions"":570,""totalDamageTaken"":2323,""trueDamageDone"":2624,""trueDamageDoneToChampions"":44,""trueDamageTaken"":88'"
917,"b'},""goldPerSecond"":20,""jungleMinionsKilled"":0,""level"":5,""minionsKilled"":6,""participantId"":10,""position"":{""x"":13952,""y"":11888},""ti'"
918,"b'meEnemySpentControlled"":46948,""totalGold"":2077,""xp"":1834}},""timestamp"":420173},{""events"":[{""level"":5,""participantId"":2,""timestam'"
919,"b'p"":427088,""type"":""LEVEL_UP""},{""levelUpType"":""NORMAL"",""participantId"":2,""skillSlot"":2,""timestamp"":428255,""type"":""SKILL_LEVEL_UP""}'"
920,"b',{""level"":6,""participantId"":8,""timestamp"":431563,""type"":""LEVEL_UP""},{""levelUpType"":""NORMAL"",""participantId"":8,""skillSlot"":4,""tim'"
921,"b'estamp"":432366,""type"":""SKILL_LEVEL_UP""},{""level"":7,""participantId"":1,""timestamp"":434844,""type"":""LEVEL_UP""},{""assistingParticipan'"
922,"b'tIds"":[8],""bounty"":274,""killStreakLength"":2,""killerId"":7,""position"":{""x"":7725,""y"":8193},""shutdownBounty"":0,""timestamp"":437504,""t'"
923,"b'ype"":""CHAMPION_KILL"",""victimDamageDealt"":[{""basic"":false,""magicDamage"":0,""name"":""Pantheon"",""participantId"":7,""physicalDamage"":25'"
924,"b'1,""spellName"":""pantheonq"",""spellSlot"":0,""trueDamage"":0,""type"":""OTHER""},{""basic"":false,""magicDamage"":2,""name"":""Pantheon"",""partici'"
925,"b'pantId"":7,""physicalDamage"":0,""spellName"":""itemdarkcrystalflask"",""spellSlot"":6,""trueDamage"":0,""type"":""OTHER""},{""basic"":true,""magi'"
926,"b'cDamage"":0,""name"":""Pantheon"",""participantId"":8,""physicalDamage"":83,""spellName"":""pantheonbasicattack2"",""spellSlot"":65,""trueDamage'"
927,"b'"":0,""type"":""OTHER""},{""basic"":true,""magicDamage"":0,""name"":""Pantheon"",""participantId"":8,""physicalDamage"":95,""spellName"":""pantheonb'"
928,"b'asicattack"",""spellSlot"":64,""trueDamage"":0,""type"":""OTHER""},{""basic"":false,""magicDamage"":14,""name"":""Pantheon"",""participantId"":8,""p'"
929,"b'hysicalDamage"":0,""spellName"":""itemdarkcrystalflask"",""spellSlot"":6,""trueDamage"":0,""type"":""OTHER""}],""victimDamageReceived"":[{""basi'"
930,"b'c"":true,""magicDamage"":0,""name"":""SRU_ChaosMinionMelee"",""participantId"":0,""physicalDamage"":13,""spellName"":""sru_chaosminionsiegebas'"
931,"b'icattack"",""spellSlot"":64,""trueDamage"":0,""type"":""MINION""},{""basic"":true,""magicDamage"":0,""name"":""SRU_ChaosMinionMelee"",""participan'"
932,"b'tId"":0,""physicalDamage"":3,""spellName"":""sru_chaosminionmeleebasicattack"",""spellSlot"":64,""trueDamage"":0,""type"":""MINION""},{""basic"":'"
933,"b'false,""magicDamage"":0,""name"":""Qiyana"",""participantId"":8,""physicalDamage"":50,""spellName"":""qiyanae"",""spellSlot"":2,""trueDamage"":0,""'"
934,"b'type"":""OTHER""},{""basic"":false,""magicDamage"":0,""name"":""Qiyana"",""participantId"":8,""physicalDamage"":31,""spellName"":""qiyanapassive"",'"
935,"b'""spellSlot"":63,""trueDamage"":0,""type"":""OTHER""},{""basic"":false,""magicDamage"":31,""name"":""Qiyana"",""participantId"":8,""physicalDamage""'"
936,"b':0,""spellName"":""qiyanaw"",""spellSlot"":1,""trueDamage"":0,""type"":""OTHER""},{""basic"":false,""magicDamage"":0,""name"":""Qiyana"",""participan'"
937,"b'tId"":8,""physicalDamage"":107,""spellName"":""qiyanaq_grass"",""spellSlot"":0,""trueDamage"":0,""type"":""OTHER""},{""basic"":true,""magicDamage""'"
938,"b':0,""name"":""Qiyana"",""participantId"":8,""physicalDamage"":379,""spellName"":""qiyanabasicattack"",""spellSlot"":64,""trueDamage"":0,""type"":""'"
939,"b'OTHER""},{""basic"":false,""magicDamage"":0,""name"":""Qiyana"",""participantId"":8,""physicalDamage"":210,""spellName"":""qiyanar"",""spellSlot"":'"
940,"b'3,""trueDamage"":0,""type"":""OTHER""},{""basic"":true,""magicDamage"":0,""name"":""Nidalee"",""participantId"":7,""physicalDamage"":41,""spellName'"
941,"b'"":""nidaleebasicattack"",""spellSlot"":64,""trueDamage"":0,""type"":""OTHER""},{""basic"":false,""magicDamage"":271,""name"":""Nidalee"",""particip'"
942,"b'antId"":7,""physicalDamage"":0,""spellName"":""javelintoss"",""spellSlot"":0,""trueDamage"":0,""type"":""OTHER""},{""basic"":false,""magicDamage"":'"
943,"b'61,""name"":""Nidalee"",""participantId"":7,""physicalDamage"":0,""spellName"":""pounce"",""spellSlot"":1,""trueDamage"":0,""type"":""OTHER""}],""vic'"
944,"b'timId"":3},{""level"":6,""participantId"":7,""timestamp"":437504,""type"":""LEVEL_UP""},{""levelUpType"":""NORMAL"",""participantId"":7,""skillSlo'"
945,"b't"":4,""timestamp"":438204,""type"":""SKILL_LEVEL_UP""},{""level"":6,""participantId"":4,""timestamp"":440100,""type"":""LEVEL_UP""},{""level"":5,""'"
946,"b'participantId"":5,""timestamp"":440100,""type"":""LEVEL_UP""},{""creatorId"":7,""timestamp"":440632,""type"":""WARD_PLACED"",""wardType"":""UNDEFI'"
947,"b'NED""},{""levelUpType"":""NORMAL"",""participantId"":5,""skillSlot"":1,""timestamp"":441098,""type"":""SKILL_LEVEL_UP""},{""itemId"":1036,""partic'"
948,"b'ipantId"":3,""timestamp"":441800,""type"":""ITEM_PURCHASED""},{""levelUpType"":""NORMAL"",""participantId"":4,""skillSlot"":2,""timestamp"":44357'"
949,"b'2,""type"":""SKILL_LEVEL_UP""},{""level"":5,""participantId"":9,""timestamp"":446266,""type"":""LEVEL_UP""},{""levelUpType"":""NORMAL"",""participa'"
950,"b'ntId"":9,""skillSlot"":1,""timestamp"":447003,""type"":""SKILL_LEVEL_UP""},{""itemId"":1037,""participantId"":1,""timestamp"":448933,""type"":""IT'"
951,"b'EM_PURCHASED""},{""itemId"":1036,""participantId"":1,""timestamp"":449499,""type"":""ITEM_PURCHASED""},{""creatorId"":6,""timestamp"":457471,""t'"
952,"b'ype"":""WARD_PLACED"",""wardType"":""YELLOW_TRINKET""},{""itemId"":3020,""participantId"":7,""timestamp"":459003,""type"":""ITEM_PURCHASED""},{""l'"
953,"b'evelUpType"":""NORMAL"",""participantId"":1,""skillSlot"":2,""timestamp"":459003,""type"":""SKILL_LEVEL_UP""},{""itemId"":1052,""participantId"":'"
954,"b'7,""timestamp"":460238,""type"":""ITEM_DESTROYED""},{""itemId"":3145,""participantId"":7,""timestamp"":460238,""type"":""ITEM_PURCHASED""},{""aft'"
955,"b'erId"":0,""beforeId"":3145,""goldGain"":615,""participantId"":7,""timestamp"":463574,""type"":""ITEM_UNDO""},{""killerId"":4,""laneType"":""BOT_LA'"
956,"b'NE"",""position"":{""x"":13866,""y"":4505},""teamId"":200,""timestamp"":464038,""type"":""TURRET_PLATE_DESTROYED""},{""itemId"":2055,""participant'"
957,"b'Id"":8,""timestamp"":464206,""type"":""ITEM_DESTROYED""},{""creatorId"":8,""timestamp"":464206,""type"":""WARD_PLACED"",""wardType"":""CONTROL_WAR'"
958,"b'D""},{""level"":7,""participantId"":6,""timestamp"":465674,""type"":""LEVEL_UP""},{""itemId"":1052,""participantId"":7,""timestamp"":466640,""type'"
959,"b'"":""ITEM_DESTROYED""},{""itemId"":3108,""participantId"":7,""timestamp"":466640,""type"":""ITEM_PURCHASED""},{""itemId"":1052,""participantId"":'"
960,"b'7,""timestamp"":466975,""type"":""ITEM_PURCHASED""},{""itemId"":2055,""participantId"":7,""timestamp"":467978,""type"":""ITEM_PURCHASED""},{""aft'"
961,"b'erId"":0,""beforeId"":2055,""goldGain"":75,""participantId"":7,""timestamp"":469381,""type"":""ITEM_UNDO""},{""levelUpType"":""NORMAL"",""particip'"
962,"b'antId"":6,""skillSlot"":1,""timestamp"":469381,""type"":""SKILL_LEVEL_UP""},{""creatorId"":4,""timestamp"":470847,""type"":""WARD_PLACED"",""wardT'"
963,"b'ype"":""YELLOW_TRINKET""},{""itemId"":2055,""participantId"":10,""timestamp"":478572,""type"":""ITEM_DESTROYED""},{""creatorId"":10,""timestamp""'"
964,"b':478572,""type"":""WARD_PLACED"",""wardType"":""CONTROL_WARD""}],""participantFrames"":{""1"":{""championStats"":{""abilityHaste"":0,""abilityPow'"
965,"b'er"":0,""armor"":60,""armorPen"":0,""armorPenPercent"":0,""attackDamage"":123,""attackSpeed"":158,""bonusArmorPenPercent"":0,""bonusMagicPenPe'"
966,"b'rcent"":0,""ccReduction"":5,""cooldownReduction"":0,""health"":1323,""healthMax"":1323,""healthRegen"":25,""lifesteal"":0,""magicPen"":0,""magic'"
967,"b'PenPercent"":0,""magicResist"":41,""movementSpeed"":365,""omnivamp"":0,""physicalVamp"":0,""power"":2,""powerMax"":60,""powerRegen"":0,""spellVa'"
968,"b'mp"":0},""currentGold"":208,""damageStats"":{""magicDamageDone"":5803,""magicDamageDoneToChampions"":705,""magicDamageTaken"":397,""physical'"
969,"b'DamageDone"":12950,""physicalDamageDoneToChampions"":1779,""physicalDamageTaken"":2646,""totalDamageDone"":19295,""totalDamageDoneToCham'"
970,"b'pions"":2485,""totalDamageTaken"":3196,""trueDamageDone"":541,""trueDamageDoneToChampions"":0,""trueDamageTaken"":153},""goldPerSecond"":0,'"
971,"b'""jungleMinionsKilled"":1,""level"":7,""minionsKilled"":41,""participantId"":1,""position"":{""x"":3784,""y"":9821},""timeEnemySpentControlled""'"
972,"b':93482,""totalGold"":2433,""xp"":3450},""2"":{""championStats"":{""abilityHaste"":0,""abilityPower"":51,""armor"":48,""armorPen"":0,""armorPenPer'"
973,"b'cent"":0,""attackDamage"":72,""attackSpeed"":126,""bonusArmorPenPercent"":0,""bonusMagicPenPercent"":0,""ccReduction"":0,""cooldownReduction'"
974,"b'"":0,""health"":742,""healthMax"":935,""healthRegen"":20,""lifesteal"":0,""magicPen"":0,""magicPenPercent"":0,""magicResist"":38,""movementSpeed'"
975,"b'"":345,""omnivamp"":0,""physicalVamp"":0,""power"":669,""powerMax"":720,""powerRegen"":150,""spellVamp"":0},""currentGold"":794,""damageStats"":{'"
976,"b'""magicDamageDone"":9589,""magicDamageDoneToChampions"":431,""magicDamageTaken"":1813,""physicalDamageDone"":11711,""physicalDamageDoneTo'"
977,"b'Champions"":337,""physicalDamageTaken"":2706,""totalDamageDone"":27534,""totalDamageDoneToChampions"":768,""totalDamageTaken"":4519,""true'"
978,"b'DamageDone"":6233,""trueDamageDoneToChampions"":0,""trueDamageTaken"":0},""goldPerSecond"":0,""jungleMinionsKilled"":36,""level"":5,""minion'"
979,"b'sKilled"":8,""participantId"":2,""position"":{""x"":6824,""y"":5545},""timeEnemySpentControlled"":153022,""totalGold"":2404,""xp"":2254},""3"":{""'"
980,"b'championStats"":{""abilityHaste"":0,""abilityPower"":0,""armor"":65,""armorPen"":0,""armorPenPercent"":10,""attackDamage"":132,""attackSpeed"":'"
981,"b'117,""bonusArmorPenPercent"":0,""bonusMagicPenPercent"":0,""ccReduction"":0,""cooldownReduction"":0,""health"":1080,""healthMax"":1080,""heal'"
982,"b'thRegen"":17,""lifesteal"":0,""magicPen"":0,""magicPenPercent"":0,""magicResist"":36,""movementSpeed"":310,""omnivamp"":0,""physicalVamp"":0,""p'"
983,"b'ower"":439,""powerMax"":439,""powerRegen"":18,""spellVamp"":0},""currentGold"":208,""damageStats"":{""magicDamageDone"":49,""magicDamageDoneTo'"
984,"b'Champions"":49,""magicDamageTaken"":800,""physicalDamageDone"":15437,""physicalDamageDoneToChampions"":984,""physicalDamageTaken"":2394,""'"
985,"b'totalDamageDone"":15616,""totalDamageDoneToChampions"":1163,""totalDamageTaken"":3194,""trueDamageDone"":130,""trueDamageDoneToChampions'"
986,"b'"":130,""trueDamageTaken"":0},""goldPerSecond"":0,""jungleMinionsKilled"":0,""level"":6,""minionsKilled"":53,""participantId"":3,""position"":{'"
987,"b'""x"":7403,""y"":7111},""timeEnemySpentControlled"":2204,""totalGold"":2288,""xp"":3012},""4"":{""championStats"":{""abilityHaste"":0,""abilityPo'"
988,"b'wer"":0,""armor"":48,""armorPen"":0,""armorPenPercent"":0,""attackDamage"":103,""attackSpeed"":171,""bonusArmorPenPercent"":0,""bonusMagicPenP'"
989,"b'ercent"":0,""ccReduction"":0,""cooldownReduction"":0,""health"":982,""healthMax"":982,""healthRegen"":10,""lifesteal"":0,""magicPen"":0,""magicP'"
990,"b'enPercent"":0,""magicResist"":35,""movementSpeed"":370,""omnivamp"":0,""physicalVamp"":0,""power"":358,""powerMax"":513,""powerRegen"":16,""spel'"
991,"b'lVamp"":0},""currentGold"":1277,""damageStats"":{""magicDamageDone"":109,""magicDamageDoneToChampions"":109,""magicDamageTaken"":245,""physi'"
992,"b'calDamageDone"":15448,""physicalDamageDoneToChampions"":1907,""physicalDamageTaken"":1231,""totalDamageDone"":15558,""totalDamageDoneToC'"
993,"b'hampions"":2017,""totalDamageTaken"":1520,""trueDamageDone"":0,""trueDamageDoneToChampions"":0,""trueDamageTaken"":44},""goldPerSecond"":0,'"
994,"b'""jungleMinionsKilled"":0,""level"":6,""minionsKilled"":69,""participantId"":4,""position"":{""x"":12471,""y"":2342},""timeEnemySpentControlled'"
995,"b'"":36029,""totalGold"":2877,""xp"":2590},""5"":{""championStats"":{""abilityHaste"":0,""abilityPower"":12,""armor"":67,""armorPen"":0,""armorPenPe'"
996,"b'rcent"":0,""attackDamage"":71,""attackSpeed"":110,""bonusArmorPenPercent"":0,""bonusMagicPenPercent"":0,""ccReduction"":5,""cooldownReductio'"
997,"b'n"":0,""health"":1000,""healthMax"":1000,""healthRegen"":26,""lifesteal"":0,""magicPen"":0,""magicPenPercent"":0,""magicResist"":34,""movementSp'"
998,"b'eed"":375,""omnivamp"":0,""physicalVamp"":0,""power"":529,""powerMax"":529,""powerRegen"":16,""spellVamp"":0},""currentGold"":389,""damageStats""'"
999,"b':{""magicDamageDone"":1723,""magicDamageDoneToChampions"":717,""magicDamageTaken"":468,""physicalDamageDone"":2183,""physicalDamageDoneTo'"
1000,"b'Champions"":558,""physicalDamageTaken"":1940,""totalDamageDone"":5237,""totalDamageDoneToChampions"":1363,""totalDamageTaken"":2409,""true'"
1001,"b'DamageDone"":1330,""trueDamageDoneToChampions"":88,""trueDamageTaken"":0},""goldPerSecond"":20,""jungleMinionsKilled"":0,""level"":5,""minio'"
1002,"b'nsKilled"":11,""participantId"":5,""position"":{""x"":13445,""y"":2464},""timeEnemySpentControlled"":19931,""totalGold"":2214,""xp"":1910},""6"":'"
1003,"b'{""championStats"":{""abilityHaste"":0,""abilityPower"":0,""armor"":72,""armorPen"":0,""armorPenPercent"":0,""attackDamage"":99,""attackSpeed"":'"
1004,"b'138,""bonusArmorPenPercent"":0,""bonusMagicPenPercent"":0,""ccReduction"":0,""cooldownReduction"":0,""health"":1213,""healthMax"":1213,""heal'"
1005,"b'thRegen"":13,""lifesteal"":0,""magicPen"":0,""magicPenPercent"":0,""magicResist"":36,""movementSpeed"":375,""omnivamp"":2,""physicalVamp"":0,""p'"
1006,"b'ower"":477,""powerMax"":543,""powerRegen"":23,""spellVamp"":0},""currentGold"":414,""damageStats"":{""magicDamageDone"":836,""magicDamageDoneT'"
1007,"b'oChampions"":251,""magicDamageTaken"":466,""physicalDamageDone"":12708,""physicalDamageDoneToChampions"":1801,""physicalDamageTaken"":200'"
1008,"b'4,""totalDamageDone"":13675,""totalDamageDoneToChampions"":2183,""totalDamageTaken"":2470,""trueDamageDone"":130,""trueDamageDoneToChampi'"
1009,"b'ons"":130,""trueDamageTaken"":0},""goldPerSecond"":0,""jungleMinionsKilled"":0,""level"":7,""minionsKilled"":51,""participantId"":6,""position'"
1010,"b'"":{""x"":3339,""y"":13684},""timeEnemySpentControlled"":0,""totalGold"":2514,""xp"":3347},""7"":{""championStats"":{""abilityHaste"":0,""abilityP'"
1011,"b'ower"":111,""armor"":57,""armorPen"":0,""armorPenPercent"":0,""attackDamage"":71,""attackSpeed"":122,""bonusArmorPenPercent"":0,""bonusMagicPe'"
1012,"b'nPercent"":0,""ccReduction"":0,""cooldownReduction"":0,""health"":1080,""healthMax"":1080,""healthRegen"":16,""lifesteal"":0,""magicPen"":18,""m'"
1013,"b'agicPenPercent"":0,""magicResist"":35,""movementSpeed"":385,""omnivamp"":0,""physicalVamp"":0,""power"":473,""powerMax"":473,""powerRegen"":18,'"
1014,"b'""spellVamp"":0},""currentGold"":166,""damageStats"":{""magicDamageDone"":20188,""magicDamageDoneToChampions"":1309,""magicDamageTaken"":232'"
1015,"b',""physicalDamageDone"":6051,""physicalDamageDoneToChampions"":241,""physicalDamageTaken"":4175,""totalDamageDone"":35745,""totalDamageDo'"
1016,"b'neToChampions"":1574,""totalDamageTaken"":4538,""trueDamageDone"":9505,""trueDamageDoneToChampions"":23,""trueDamageTaken"":130},""goldPer'"
1017,"b'Second"":0,""jungleMinionsKilled"":46,""level"":6,""minionsKilled"":2,""participantId"":7,""position"":{""x"":9665,""y"":11676},""timeEnemySpent'"
1018,"b'Controlled"":99948,""totalGold"":3526,""xp"":2604},""8"":{""championStats"":{""abilityHaste"":0,""abilityPower"":0,""armor"":52,""armorPen"":0,""a'"
1019,"b'rmorPenPercent"":0,""attackDamage"":139,""attackSpeed"":113,""bonusArmorPenPercent"":0,""bonusMagicPenPercent"":0,""ccReduction"":11,""coold'"
1020,"b'ownReduction"":0,""health"":1100,""healthMax"":1100,""healthRegen"":19,""lifesteal"":0,""magicPen"":0,""magicPenPercent"":0,""magicResist"":40,'"
1021,"b'""movementSpeed"":335,""omnivamp"":0,""physicalVamp"":0,""power"":793,""powerMax"":847,""powerRegen"":21,""spellVamp"":0},""currentGold"":566,""d'"
1022,"b'amageStats"":{""magicDamageDone"":949,""magicDamageDoneToChampions"":149,""magicDamageTaken"":173,""physicalDamageDone"":17092,""physicalD'"
1023,"b'amageDoneToChampions"":2355,""physicalDamageTaken"":1666,""totalDamageDone"":18041,""totalDamageDoneToChampions"":2504,""totalDamageTake'"
1024,"b'n"":1839,""trueDamageDone"":0,""trueDamageDoneToChampions"":0,""trueDamageTaken"":0},""goldPerSecond"":0,""jungleMinionsKilled"":0,""level"":'"
1025,"b'6,""minionsKilled"":46,""participantId"":8,""position"":{""x"":8233,""y"":7007},""timeEnemySpentControlled"":27806,""totalGold"":2991,""xp"":294'"
1026,"b'8},""9"":{""championStats"":{""abilityHaste"":0,""abilityPower"":0,""armor"":46,""armorPen"":0,""armorPenPercent"":0,""attackDamage"":140,""attac'"
1027,"b'kSpeed"":120,""bonusArmorPenPercent"":0,""bonusMagicPenPercent"":0,""ccReduction"":0,""cooldownReduction"":0,""health"":773,""healthMax"":101'"
1028,"b'3,""healthRegen"":9,""lifesteal"":1,""magicPen"":0,""magicPenPercent"":0,""magicResist"":34,""movementSpeed"":335,""omnivamp"":2,""physicalVamp'"
1029,"b'"":0,""power"":387,""powerMax"":466,""powerRegen"":20,""spellVamp"":0},""currentGold"":971,""damageStats"":{""magicDamageDone"":826,""magicDamag'"
1030,"b'eDoneToChampions"":509,""magicDamageTaken"":694,""physicalDamageDone"":8474,""physicalDamageDoneToChampions"":2328,""physicalDamageTaken'"
1031,"b'"":1171,""totalDamageDone"":9301,""totalDamageDoneToChampions"":2838,""totalDamageTaken"":1865,""trueDamageDone"":0,""trueDamageDoneToCham'"
1032,"b'pions"":0,""trueDamageTaken"":0},""goldPerSecond"":0,""jungleMinionsKilled"":0,""level"":5,""minionsKilled"":44,""participantId"":9,""position'"
1033,"b'"":{""x"":13110,""y"":4126},""timeEnemySpentControlled"":299,""totalGold"":3671,""xp"":2099},""10"":{""championStats"":{""abilityHaste"":0,""abili'"
1034,"b'tyPower"":5,""armor"":68,""armorPen"":0,""armorPenPercent"":0,""attackDamage"":64,""attackSpeed"":134,""bonusArmorPenPercent"":0,""bonusMagicP'"
1035,"b'enPercent"":0,""ccReduction"":0,""cooldownReduction"":0,""health"":1043,""healthMax"":1111,""healthRegen"":30,""lifesteal"":0,""magicPen"":0,""m'"
1036,"b'agicPenPercent"":0,""magicResist"":40,""movementSpeed"":337,""omnivamp"":0,""physicalVamp"":0,""power"":439,""powerMax"":489,""powerRegen"":14,'"
1037,"b'""spellVamp"":0},""currentGold"":301,""damageStats"":{""magicDamageDone"":778,""magicDamageDoneToChampions"":374,""magicDamageTaken"":445,""p'"
1038,"b'hysicalDamageDone"":1007,""physicalDamageDoneToChampions"":152,""physicalDamageTaken"":1903,""totalDamageDone"":5398,""totalDamageDoneTo'"
1039,"b'Champions"":570,""totalDamageTaken"":2437,""trueDamageDone"":3612,""trueDamageDoneToChampions"":44,""trueDamageTaken"":88},""goldPerSecond'"
1040,"b'"":20,""jungleMinionsKilled"":0,""level"":5,""minionsKilled"":8,""participantId"":10,""position"":{""x"":13041,""y"":3620},""timeEnemySpentContr'"
1041,"b'olled"":46948,""totalGold"":2301,""xp"":2229}},""timestamp"":480204},{""events"":[{""creatorId"":1,""timestamp"":481002,""type"":""WARD_PLACED"",'"
1042,"b'""wardType"":""YELLOW_TRINKET""},{""level"":6,""participantId"":2,""timestamp"":488142,""type"":""LEVEL_UP""},{""levelUpType"":""NORMAL"",""partici'"
1043,"b'pantId"":2,""skillSlot"":2,""timestamp"":489211,""type"":""SKILL_LEVEL_UP""},{""killerId"":4,""timestamp"":489277,""type"":""WARD_KILL"",""wardTyp'"
1044,"b'e"":""CONTROL_WARD""},{""creatorId"":7,""timestamp"":489410,""type"":""WARD_PLACED"",""wardType"":""UNDEFINED""},{""level"":7,""participantId"":3,""'"
1045,"b'timestamp"":494960,""type"":""LEVEL_UP""},{""levelUpType"":""NORMAL"",""participantId"":3,""skillSlot"":1,""timestamp"":495759,""type"":""SKILL_LE'"
1046,"b'VEL_UP""},{""itemId"":3854,""participantId"":5,""timestamp"":497431,""type"":""ITEM_DESTROYED""},{""level"":7,""participantId"":8,""timestamp"":4'"
1047,"b'98597,""type"":""LEVEL_UP""},{""levelUpType"":""NORMAL"",""participantId"":8,""skillSlot"":1,""timestamp"":499430,""type"":""SKILL_LEVEL_UP""},{""c'"
1048,"b'reatorId"":7,""timestamp"":501669,""type"":""WARD_PLACED"",""wardType"":""UNDEFINED""},{""creatorId"":3,""timestamp"":504247,""type"":""WARD_PLACE'"
1049,"b'D"",""wardType"":""YELLOW_TRINKET""},{""bounty"":0,""killerId"":7,""killerTeamId"":200,""monsterType"":""RIFTHERALD"",""position"":{""x"":4948,""y"":'"
1050,"b'10490},""timestamp"":510954,""type"":""ELITE_MONSTER_KILL""},{""itemId"":3364,""participantId"":7,""timestamp"":512660,""type"":""ITEM_DESTROYE'"
1051,"b'D""},{""itemId"":3134,""participantId"":9,""timestamp"":514962,""type"":""ITEM_DESTROYED""},{""itemId"":3133,""participantId"":9,""timestamp"":51'"
1052,"b'4962,""type"":""ITEM_DESTROYED""},{""itemId"":6691,""participantId"":9,""timestamp"":514962,""type"":""ITEM_PURCHASED""},{""creatorId"":7,""times'"
1053,"b'tamp"":518129,""type"":""WARD_PLACED"",""wardType"":""UNDEFINED""},{""level"":7,""participantId"":7,""timestamp"":528366,""type"":""LEVEL_UP""},{""l'"
1054,"b'evelUpType"":""NORMAL"",""participantId"":7,""skillSlot"":1,""timestamp"":529868,""type"":""SKILL_LEVEL_UP""},{""killerId"":0,""laneType"":""TOP_L'"
1055,"b'ANE"",""position"":{""x"":981,""y"":10441},""teamId"":100,""timestamp"":529935,""type"":""TURRET_PLATE_DESTROYED""},{""level"":6,""participantId"":'"
1056,"b'10,""timestamp"":532104,""type"":""LEVEL_UP""},{""levelUpType"":""NORMAL"",""participantId"":10,""skillSlot"":4,""timestamp"":532738,""type"":""SKI'"
1057,"b'LL_LEVEL_UP""},{""creatorId"":7,""timestamp"":535907,""type"":""WARD_PLACED"",""wardType"":""UNDEFINED""},{""level"":8,""participantId"":1,""times'"
1058,"b'tamp"":536575,""type"":""LEVEL_UP""},{""killerId"":4,""laneType"":""BOT_LANE"",""position"":{""x"":13866,""y"":4505},""teamId"":200,""timestamp"":536'"
1059,"b'808,""type"":""TURRET_PLATE_DESTROYED""},{""levelUpType"":""NORMAL"",""participantId"":1,""skillSlot"":1,""timestamp"":538274,""type"":""SKILL_LE'"
1060,"b'VEL_UP""},{""level"":8,""participantId"":6,""timestamp"":538609,""type"":""LEVEL_UP""}],""participantFrames"":{""1"":{""championStats"":{""ability'"
1061,"b'Haste"":0,""abilityPower"":0,""armor"":65,""armorPen"":0,""armorPenPercent"":0,""attackDamage"":124,""attackSpeed"":113,""bonusArmorPenPercent'"
1062,"b'"":0,""bonusMagicPenPercent"":0,""ccReduction"":19,""cooldownReduction"":0,""health"":637,""healthMax"":1261,""healthRegen"":143,""lifesteal"":'"
1063,"b'0,""magicPen"":0,""magicPenPercent"":0,""magicResist"":43,""movementSpeed"":340,""omnivamp"":0,""physicalVamp"":0,""power"":0,""powerMax"":60,""p'"
1064,"b'owerRegen"":0,""spellVamp"":0},""currentGold"":578,""damageStats"":{""magicDamageDone"":7704,""magicDamageDoneToChampions"":885,""magicDamag'"
1065,"b'eTaken"":509,""physicalDamageDone"":15163,""physicalDamageDoneToChampions"":1828,""physicalDamageTaken"":3404,""totalDamageDone"":23435,""'"
1066,"b'totalDamageDoneToChampions"":2713,""totalDamageTaken"":4066,""trueDamageDone"":567,""trueDamageDoneToChampions"":0,""trueDamageTaken"":15'"
1067,"b'3},""goldPerSecond"":0,""jungleMinionsKilled"":1,""level"":8,""minionsKilled"":53,""participantId"":1,""position"":{""x"":868,""y"":10196},""time'"
1068,"b'EnemySpentControlled"":106484,""totalGold"":2803,""xp"":4097},""2"":{""championStats"":{""abilityHaste"":0,""abilityPower"":51,""armor"":51,""ar'"
1069,"b'morPen"":0,""armorPenPercent"":0,""attackDamage"":74,""attackSpeed"":130,""bonusArmorPenPercent"":0,""bonusMagicPenPercent"":0,""ccReduction'"
1070,"b'"":0,""cooldownReduction"":0,""health"":1003,""healthMax"":1021,""healthRegen"":82,""lifesteal"":0,""magicPen"":0,""magicPenPercent"":0,""magicR'"
1071,"b'esist"":40,""movementSpeed"":345,""omnivamp"":0,""physicalVamp"":0,""power"":697,""powerMax"":755,""powerRegen"":155,""spellVamp"":0},""currentG'"
1072,"b'old"":1231,""damageStats"":{""magicDamageDone"":14278,""magicDamageDoneToChampions"":431,""magicDamageTaken"":1813,""physicalDamageDone"":1'"
1073,"b'4793,""physicalDamageDoneToChampions"":337,""physicalDamageTaken"":3488,""totalDamageDone"":37797,""totalDamageDoneToChampions"":768,""to'"
1074,"b'talDamageTaken"":5301,""trueDamageDone"":8726,""trueDamageDoneToChampions"":0,""trueDamageTaken"":0},""goldPerSecond"":0,""jungleMinionsKi'"
1075,"b'lled"":48,""level"":6,""minionsKilled"":8,""participantId"":2,""position"":{""x"":10961,""y"":6938},""timeEnemySpentControlled"":197602,""totalG'"
1076,"b'old"":2841,""xp"":2829},""3"":{""championStats"":{""abilityHaste"":0,""abilityPower"":0,""armor"":69,""armorPen"":0,""armorPenPercent"":10,""attac'"
1077,"b'kDamage"":135,""attackSpeed"":120,""bonusArmorPenPercent"":0,""bonusMagicPenPercent"":0,""ccReduction"":0,""cooldownReduction"":0,""health"":'"
1078,"b'898,""healthMax"":1178,""healthRegen"":18,""lifesteal"":0,""magicPen"":0,""magicPenPercent"":0,""magicResist"":37,""movementSpeed"":345,""omniv'"
1079,"b'amp"":0,""physicalVamp"":0,""power"":393,""powerMax"":467,""powerRegen"":19,""spellVamp"":0},""currentGold"":599,""damageStats"":{""magicDamageD'"
1080,"b'one"":49,""magicDamageDoneToChampions"":49,""magicDamageTaken"":831,""physicalDamageDone"":21552,""physicalDamageDoneToChampions"":1217,""'"
1081,"b'physicalDamageTaken"":2846,""totalDamageDone"":21731,""totalDamageDoneToChampions"":1396,""totalDamageTaken"":3677,""trueDamageDone"":130'"
1082,"b',""trueDamageDoneToChampions"":130,""trueDamageTaken"":0},""goldPerSecond"":0,""jungleMinionsKilled"":0,""level"":7,""minionsKilled"":65,""pa'"
1083,"b'rticipantId"":3,""position"":{""x"":7542,""y"":7633},""timeEnemySpentControlled"":2204,""totalGold"":2679,""xp"":3660},""4"":{""championStats"":{'"
1084,"b'""abilityHaste"":0,""abilityPower"":0,""armor"":48,""armorPen"":0,""armorPenPercent"":0,""attackDamage"":103,""attackSpeed"":171,""bonusArmorPe'"
1085,"b'nPercent"":0,""bonusMagicPenPercent"":0,""ccReduction"":0,""cooldownReduction"":0,""health"":982,""healthMax"":982,""healthRegen"":10,""lifest'"
1086,"b'eal"":1,""magicPen"":0,""magicPenPercent"":0,""magicResist"":35,""movementSpeed"":370,""omnivamp"":0,""physicalVamp"":0,""power"":455,""powerMax'"
1087,"b'"":513,""powerRegen"":16,""spellVamp"":0},""currentGold"":1770,""damageStats"":{""magicDamageDone"":109,""magicDamageDoneToChampions"":109,""m'"
1088,"b'agicDamageTaken"":245,""physicalDamageDone"":18089,""physicalDamageDoneToChampions"":1907,""physicalDamageTaken"":1231,""totalDamageDone'"
1089,"b'"":18199,""totalDamageDoneToChampions"":2017,""totalDamageTaken"":1520,""trueDamageDone"":0,""trueDamageDoneToChampions"":0,""trueDamageTa'"
1090,"b'ken"":44},""goldPerSecond"":0,""jungleMinionsKilled"":0,""level"":6,""minionsKilled"":81,""participantId"":4,""position"":{""x"":12140,""y"":3356'"
1091,"b'},""timeEnemySpentControlled"":36029,""totalGold"":3375,""xp"":3023},""5"":{""championStats"":{""abilityHaste"":0,""abilityPower"":16,""armor"":'"
1092,"b'71,""armorPen"":0,""armorPenPercent"":0,""attackDamage"":74,""attackSpeed"":110,""bonusArmorPenPercent"":0,""bonusMagicPenPercent"":0,""ccRed'"
1093,"b'uction"":5,""cooldownReduction"":0,""health"":1070,""healthMax"":1070,""healthRegen"":30,""lifesteal"":0,""magicPen"":0,""magicPenPercent"":0,""'"
1094,"b'magicResist"":34,""movementSpeed"":375,""omnivamp"":0,""physicalVamp"":0,""power"":482,""powerMax"":529,""powerRegen"":16,""spellVamp"":0},""cur'"
1095,"b'rentGold"":709,""damageStats"":{""magicDamageDone"":1798,""magicDamageDoneToChampions"":717,""magicDamageTaken"":468,""physicalDamageDone""'"
1096,"b':2435,""physicalDamageDoneToChampions"":558,""physicalDamageTaken"":1940,""totalDamageDone"":5940,""totalDamageDoneToChampions"":1363,""t'"
1097,"b'otalDamageTaken"":2409,""trueDamageDone"":1706,""trueDamageDoneToChampions"":88,""trueDamageTaken"":0},""goldPerSecond"":30,""jungleMinion'"
1098,"b'sKilled"":0,""level"":5,""minionsKilled"":13,""participantId"":5,""position"":{""x"":12280,""y"":3342},""timeEnemySpentControlled"":19931,""tota'"
1099,"b'lGold"":2534,""xp"":2305},""6"":{""championStats"":{""abilityHaste"":0,""abilityPower"":0,""armor"":76,""armorPen"":0,""armorPenPercent"":0,""atta'"
1100,"b'ckDamage"":104,""attackSpeed"":142,""bonusArmorPenPercent"":0,""bonusMagicPenPercent"":0,""ccReduction"":0,""cooldownReduction"":0,""health""'"
1101,"b':1063,""healthMax"":1310,""healthRegen"":98,""lifesteal"":0,""magicPen"":0,""magicPenPercent"":0,""magicResist"":37,""movementSpeed"":443,""omn'"
1102,"b'ivamp"":2,""physicalVamp"":0,""power"":459,""powerMax"":581,""powerRegen"":24,""spellVamp"":0},""currentGold"":1021,""damageStats"":{""magicDama'"
1103,"b'geDone"":1228,""magicDamageDoneToChampions"":363,""magicDamageTaken"":646,""physicalDamageDone"":18048,""physicalDamageDoneToChampions"":'"
1104,"b'2531,""physicalDamageTaken"":2349,""totalDamageDone"":19407,""totalDamageDoneToChampions"":3025,""totalDamageTaken"":2996,""trueDamageDon'"
1105,"b'e"":130,""trueDamageDoneToChampions"":130,""trueDamageTaken"":0},""goldPerSecond"":0,""jungleMinionsKilled"":0,""level"":8,""minionsKilled"":'"
1106,"b'66,""participantId"":6,""position"":{""x"":1767,""y"":11098},""timeEnemySpentControlled"":0,""totalGold"":3121,""xp"":4117},""7"":{""championStat'"
1107,"b's"":{""abilityHaste"":0,""abilityPower"":111,""armor"":62,""armorPen"":0,""armorPenPercent"":0,""attackDamage"":74,""attackSpeed"":145,""bonusAr'"
1108,"b'morPenPercent"":0,""bonusMagicPenPercent"":0,""ccReduction"":0,""cooldownReduction"":0,""health"":1178,""healthMax"":1178,""healthRegen"":88,'"
1109,"b'""lifesteal"":0,""magicPen"":18,""magicPenPercent"":0,""magicResist"":36,""movementSpeed"":421,""omnivamp"":0,""physicalVamp"":0,""power"":272,""'"
1110,"b'powerMax"":513,""powerRegen"":93,""spellVamp"":0},""currentGold"":718,""damageStats"":{""magicDamageDone"":28007,""magicDamageDoneToChampion'"
1111,"b's"":1309,""magicDamageTaken"":232,""physicalDamageDone"":7269,""physicalDamageDoneToChampions"":241,""physicalDamageTaken"":5009,""totalDa'"
1112,"b'mageDone"":49395,""totalDamageDoneToChampions"":1574,""totalDamageTaken"":5372,""trueDamageDone"":14118,""trueDamageDoneToChampions"":23,'"
1113,"b'""trueDamageTaken"":130},""goldPerSecond"":0,""jungleMinionsKilled"":54,""level"":7,""minionsKilled"":2,""participantId"":7,""position"":{""x"":'"
1114,"b'11216,""y"":8398},""timeEnemySpentControlled"":100783,""totalGold"":4078,""xp"":3187},""8"":{""championStats"":{""abilityHaste"":0,""abilityPow'"
1115,"b'er"":0,""armor"":56,""armorPen"":0,""armorPenPercent"":0,""attackDamage"":141,""attackSpeed"":115,""bonusArmorPenPercent"":0,""bonusMagicPenPe'"
1116,"b'rcent"":0,""ccReduction"":12,""cooldownReduction"":0,""health"":1067,""healthMax"":1217,""healthRegen"":20,""lifesteal"":0,""magicPen"":0,""magi'"
1117,"b'cPenPercent"":0,""magicResist"":41,""movementSpeed"":345,""omnivamp"":0,""physicalVamp"":0,""power"":631,""powerMax"":922,""powerRegen"":22,""sp'"
1118,"b'ellVamp"":0},""currentGold"":919,""damageStats"":{""magicDamageDone"":1262,""magicDamageDoneToChampions"":180,""magicDamageTaken"":173,""phy'"
1119,"b'sicalDamageDone"":22035,""physicalDamageDoneToChampions"":2739,""physicalDamageTaken"":1937,""totalDamageDone"":23298,""totalDamageDoneT'"
1120,"b'oChampions"":2920,""totalDamageTaken"":2111,""trueDamageDone"":0,""trueDamageDoneToChampions"":0,""trueDamageTaken"":0},""goldPerSecond"":0'"
1121,"b',""jungleMinionsKilled"":0,""level"":7,""minionsKilled"":56,""participantId"":8,""position"":{""x"":9154,""y"":6448},""timeEnemySpentControlled'"
1122,"b'"":27806,""totalGold"":3344,""xp"":3596},""9"":{""championStats"":{""abilityHaste"":0,""abilityPower"":0,""armor"":46,""armorPen"":0,""armorPenPer'"
1123,"b'cent"":0,""attackDamage"":145,""attackSpeed"":120,""bonusArmorPenPercent"":0,""bonusMagicPenPercent"":0,""ccReduction"":0,""cooldownReductio'"
1124,"b'n"":0,""health"":1013,""healthMax"":1013,""healthRegen"":9,""lifesteal"":1,""magicPen"":0,""magicPenPercent"":0,""magicResist"":34,""movementSpe'"
1125,"b'ed"":335,""omnivamp"":2,""physicalVamp"":0,""power"":466,""powerMax"":466,""powerRegen"":20,""spellVamp"":0},""currentGold"":215,""damageStats"":'"
1126,"b'{""magicDamageDone"":826,""magicDamageDoneToChampions"":509,""magicDamageTaken"":694,""physicalDamageDone"":8631,""physicalDamageDoneToCh'"
1127,"b'ampions"":2328,""physicalDamageTaken"":1171,""totalDamageDone"":9458,""totalDamageDoneToChampions"":2838,""totalDamageTaken"":1865,""trueD'"
1128,"b'amageDone"":0,""trueDamageDoneToChampions"":0,""trueDamageTaken"":0},""goldPerSecond"":0,""jungleMinionsKilled"":0,""level"":5,""minionsKill'"
1129,"b'ed"":45,""participantId"":9,""position"":{""x"":13614,""y"":5615},""timeEnemySpentControlled"":299,""totalGold"":3815,""xp"":2137},""10"":{""champ'"
1130,"b'ionStats"":{""abilityHaste"":0,""abilityPower"":5,""armor"":72,""armorPen"":0,""armorPenPercent"":0,""attackDamage"":66,""attackSpeed"":135,""bo'"
1131,"b'nusArmorPenPercent"":0,""bonusMagicPenPercent"":0,""ccReduction"":0,""cooldownReduction"":0,""health"":1200,""healthMax"":1200,""healthRegen'"
1132,"b'"":32,""lifesteal"":0,""magicPen"":0,""magicPenPercent"":0,""magicResist"":41,""movementSpeed"":337,""omnivamp"":0,""physicalVamp"":0,""power"":5'"
1133,"b'23,""powerMax"":527,""powerRegen"":14,""spellVamp"":0},""currentGold"":457,""damageStats"":{""magicDamageDone"":778,""magicDamageDoneToChampi'"
1134,"b'ons"":374,""magicDamageTaken"":445,""physicalDamageDone"":1075,""physicalDamageDoneToChampions"":152,""physicalDamageTaken"":1903,""totalD'"
1135,"b'amageDone"":5466,""totalDamageDoneToChampions"":570,""totalDamageTaken"":2437,""trueDamageDone"":3612,""trueDamageDoneToChampions"":44,""t'"
1136,"b'rueDamageTaken"":88},""goldPerSecond"":20,""jungleMinionsKilled"":0,""level"":6,""minionsKilled"":9,""participantId"":10,""position"":{""x"":13'"
1137,"b'790,""y"":4146},""timeEnemySpentControlled"":46948,""totalGold"":2457,""xp"":2452}},""timestamp"":540222},{""events"":[{""levelUpType"":""NORMA'"
1138,"b'L"",""participantId"":6,""skillSlot"":2,""timestamp"":546265,""type"":""SKILL_LEVEL_UP""},{""creatorId"":5,""timestamp"":547500,""type"":""WARD_PL'"
1139,"b'ACED"",""wardType"":""SIGHT_WARD""},{""level"":6,""participantId"":9,""timestamp"":547801,""type"":""LEVEL_UP""},{""itemId"":1028,""participantId""'"
1140,"b':5,""timestamp"":548335,""type"":""ITEM_PURCHASED""},{""levelUpType"":""NORMAL"",""participantId"":9,""skillSlot"":4,""timestamp"":548800,""type""'"
1141,"b':""SKILL_LEVEL_UP""},{""itemId"":1042,""participantId"":4,""timestamp"":550864,""type"":""ITEM_PURCHASED""},{""itemId"":1042,""participantId"":4'"
1142,"b',""timestamp"":551029,""type"":""ITEM_DESTROYED""},{""itemId"":6670,""participantId"":4,""timestamp"":551029,""type"":""ITEM_PURCHASED""},{""item'"
1143,"b'Id"":1042,""participantId"":4,""timestamp"":551195,""type"":""ITEM_PURCHASED""},{""itemId"":2055,""participantId"":5,""timestamp"":551627,""type'"
1144,"b'"":""ITEM_PURCHASED""},{""killerId"":2,""timestamp"":552129,""type"":""WARD_KILL"",""wardType"":""CONTROL_WARD""},{""itemId"":2055,""participantId'"
1145,"b'"":4,""timestamp"":552428,""type"":""ITEM_PURCHASED""},{""creatorId"":7,""timestamp"":552861,""type"":""WARD_PLACED"",""wardType"":""UNDEFINED""},{'"
1146,"b'""itemId"":2010,""participantId"":3,""timestamp"":555628,""type"":""ITEM_DESTROYED""},{""killerId"":9,""timestamp"":556361,""type"":""WARD_KILL"",'"
1147,"b'""wardType"":""SIGHT_WARD""},{""killerId"":9,""timestamp"":558094,""type"":""WARD_KILL"",""wardType"":""YELLOW_TRINKET""},{""killerId"":9,""timesta'"
1148,"b'mp"":565738,""type"":""WARD_KILL"",""wardType"":""CONTROL_WARD""},{""creatorId"":9,""timestamp"":565973,""type"":""WARD_PLACED"",""wardType"":""YELL'"
1149,"b'OW_TRINKET""},{""creatorId"":7,""timestamp"":566240,""type"":""WARD_PLACED"",""wardType"":""UNDEFINED""},{""creatorId"":7,""timestamp"":577047,""t'"
1150,"b'ype"":""WARD_PLACED"",""wardType"":""UNDEFINED""},{""assistingParticipantIds"":[9,10],""bounty"":0,""killerId"":7,""killerTeamId"":200,""monster'"
1151,"b'SubType"":""HEXTECH_DRAGON"",""monsterType"":""DRAGON"",""position"":{""x"":9866,""y"":4414},""timestamp"":578079,""type"":""ELITE_MONSTER_KILL""},'"
1152,"b'{""killerId"":5,""timestamp"":581275,""type"":""WARD_KILL"",""wardType"":""YELLOW_TRINKET""},{""creatorId"":5,""timestamp"":582610,""type"":""WARD_'"
1153,"b'PLACED"",""wardType"":""SIGHT_WARD""},{""level"":8,""participantId"":3,""timestamp"":583646,""type"":""LEVEL_UP""},{""level"":7,""participantId"":4'"
1154,"b',""timestamp"":584851,""type"":""LEVEL_UP""},{""bounty"":300,""killStreakLength"":0,""killerId"":3,""position"":{""x"":7913,""y"":7423},""shutdownB'"
1155,"b'ounty"":0,""timestamp"":585018,""type"":""CHAMPION_KILL"",""victimDamageDealt"":[{""basic"":false,""magicDamage"":0,""name"":""Qiyana"",""particip'"
1156,"b'antId"":3,""physicalDamage"":38,""spellName"":""qiyanapassive"",""spellSlot"":63,""trueDamage"":0,""type"":""OTHER""},{""basic"":false,""magicDama'"
1157,"b'ge"":11,""name"":""Qiyana"",""participantId"":3,""physicalDamage"":0,""spellName"":""qiyanaw"",""spellSlot"":1,""trueDamage"":0,""type"":""OTHER""},{'"
1158,"b'""basic"":false,""magicDamage"":0,""name"":""Qiyana"",""participantId"":3,""physicalDamage"":134,""spellName"":""qiyanaq_grass"",""spellSlot"":0,""'"
1159,"b'trueDamage"":0,""type"":""OTHER""}],""victimDamageReceived"":[{""basic"":false,""magicDamage"":0,""name"":""Pantheon"",""participantId"":3,""physi'"
1160,"b'calDamage"":0,""spellName"":""summonerdot"",""spellSlot"":4,""trueDamage"":114,""type"":""OTHER""},{""basic"":false,""magicDamage"":0,""name"":""Pan'"
1161,"b'theon"",""participantId"":3,""physicalDamage"":39,""spellName"":""pantheonw"",""spellSlot"":1,""trueDamage"":0,""type"":""OTHER""},{""basic"":false'"
1162,"b',""magicDamage"":0,""name"":""Pantheon"",""participantId"":3,""physicalDamage"":283,""spellName"":""pantheonq"",""spellSlot"":0,""trueDamage"":0,""'"
1163,"b'type"":""OTHER""},{""basic"":false,""magicDamage"":0,""name"":""Pantheon"",""participantId"":3,""physicalDamage"":147,""spellName"":""pantheone"",""'"
1164,"b'spellSlot"":2,""trueDamage"":0,""type"":""OTHER""}],""victimId"":8},{""level"":8,""participantId"":8,""timestamp"":585453,""type"":""LEVEL_UP""},{""'"
1165,"b'levelUpType"":""NORMAL"",""participantId"":4,""skillSlot"":1,""timestamp"":587494,""type"":""SKILL_LEVEL_UP""},{""levelUpType"":""NORMAL"",""parti'"
1166,"b'cipantId"":8,""skillSlot"":2,""timestamp"":588125,""type"":""SKILL_LEVEL_UP""},{""levelUpType"":""NORMAL"",""participantId"":3,""skillSlot"":3,""t'"
1167,"b'imestamp"":589194,""type"":""SKILL_LEVEL_UP""},{""creatorId"":5,""timestamp"":589294,""type"":""WARD_PLACED"",""wardType"":""SIGHT_WARD""},{""item'"
1168,"b'Id"":1036,""participantId"":8,""timestamp"":590025,""type"":""ITEM_DESTROYED""},{""itemId"":1036,""participantId"":8,""timestamp"":590025,""type'"
1169,"b'"":""ITEM_DESTROYED""},{""itemId"":3133,""participantId"":8,""timestamp"":590025,""type"":""ITEM_PURCHASED""},{""itemId"":1001,""participantId"":'"
1170,"b'8,""timestamp"":591253,""type"":""ITEM_PURCHASED""},{""level"":7,""participantId"":2,""timestamp"":591484,""type"":""LEVEL_UP""},{""itemId"":1036,'"
1171,"b'""participantId"":8,""timestamp"":591684,""type"":""ITEM_PURCHASED""},{""levelUpType"":""NORMAL"",""participantId"":2,""skillSlot"":4,""timestamp'"
1172,"b'"":592421,""type"":""SKILL_LEVEL_UP""},{""creatorId"":7,""timestamp"":594083,""type"":""WARD_PLACED"",""wardType"":""UNDEFINED""},{""creatorId"":6,'"
1173,"b'""timestamp"":597812,""type"":""WARD_PLACED"",""wardType"":""UNDEFINED""}],""participantFrames"":{""1"":{""championStats"":{""abilityHaste"":0,""ab'"
1174,"b'ilityPower"":0,""armor"":65,""armorPen"":0,""armorPenPercent"":0,""attackDamage"":124,""attackSpeed"":113,""bonusArmorPenPercent"":0,""bonusMa'"
1175,"b'gicPenPercent"":0,""ccReduction"":25,""cooldownReduction"":0,""health"":156,""healthMax"":1261,""healthRegen"":76,""lifesteal"":0,""magicPen"":'"
1176,"b'0,""magicPenPercent"":0,""magicResist"":43,""movementSpeed"":340,""omnivamp"":0,""physicalVamp"":0,""power"":0,""powerMax"":60,""powerRegen"":0,'"
1177,"b'""spellVamp"":0},""currentGold"":833,""damageStats"":{""magicDamageDone"":9179,""magicDamageDoneToChampions"":885,""magicDamageTaken"":636,""'"
1178,"b'physicalDamageDone"":17311,""physicalDamageDoneToChampions"":1973,""physicalDamageTaken"":4045,""totalDamageDone"":27077,""totalDamageDo'"
1179,"b'neToChampions"":2858,""totalDamageTaken"":5044,""trueDamageDone"":586,""trueDamageDoneToChampions"":0,""trueDamageTaken"":363},""goldPerSe'"
1180,"b'cond"":0,""jungleMinionsKilled"":1,""level"":8,""minionsKilled"":61,""participantId"":1,""position"":{""x"":775,""y"":9940},""timeEnemySpentCont'"
1181,"b'rolled"":121023,""totalGold"":3058,""xp"":4650},""2"":{""championStats"":{""abilityHaste"":0,""abilityPower"":51,""armor"":55,""armorPen"":0,""arm'"
1182,"b'orPenPercent"":0,""attackDamage"":77,""attackSpeed"":133,""bonusArmorPenPercent"":0,""bonusMagicPenPercent"":0,""ccReduction"":0,""cooldownR'"
1183,"b'eduction"":0,""health"":1109,""healthMax"":1109,""healthRegen"":88,""lifesteal"":0,""magicPen"":0,""magicPenPercent"":0,""magicResist"":41,""mov'"
1184,"b'ementSpeed"":462,""omnivamp"":0,""physicalVamp"":0,""power"":774,""powerMax"":790,""powerRegen"":18,""spellVamp"":0},""currentGold"":1483,""dama'"
1185,"b'geStats"":{""magicDamageDone"":16004,""magicDamageDoneToChampions"":431,""magicDamageTaken"":2016,""physicalDamageDone"":15786,""physicalD'"
1186,"b'amageDoneToChampions"":337,""physicalDamageTaken"":3488,""totalDamageDone"":41450,""totalDamageDoneToChampions"":768,""totalDamageTaken""'"
1187,"b':5504,""trueDamageDone"":9658,""trueDamageDoneToChampions"":0,""trueDamageTaken"":0},""goldPerSecond"":0,""jungleMinionsKilled"":52,""level'"
1188,"b'"":7,""minionsKilled"":9,""participantId"":2,""position"":{""x"":1588,""y"":11658},""timeEnemySpentControlled"":230807,""totalGold"":3098,""xp"":'"
1189,"b'3203},""3"":{""championStats"":{""abilityHaste"":0,""abilityPower"":0,""armor"":74,""armorPen"":0,""armorPenPercent"":10,""attackDamage"":138,""a'"
1190,"b'ttackSpeed"":124,""bonusArmorPenPercent"":0,""bonusMagicPenPercent"":0,""ccReduction"":0,""cooldownReduction"":0,""health"":753,""healthMax""'"
1191,"b':1279,""healthRegen"":19,""lifesteal"":0,""magicPen"":0,""magicPenPercent"":0,""magicResist"":39,""movementSpeed"":345,""omnivamp"":0,""physica'"
1192,"b'lVamp"":0,""power"":259,""powerMax"":536,""powerRegen"":19,""spellVamp"":0},""currentGold"":1167,""damageStats"":{""magicDamageDone"":70,""magic'"
1193,"b'DamageDoneToChampions"":70,""magicDamageTaken"":873,""physicalDamageDone"":25609,""physicalDamageDoneToChampions"":2373,""physicalDamage'"
1194,"b'Taken"":3463,""totalDamageDone"":25924,""totalDamageDoneToChampions"":2688,""totalDamageTaken"":4336,""trueDamageDone"":244,""trueDamageDo'"
1195,"b'neToChampions"":244,""trueDamageTaken"":0},""goldPerSecond"":0,""jungleMinionsKilled"":0,""level"":8,""minionsKilled"":72,""participantId"":3'"
1196,"b',""position"":{""x"":5066,""y"":7850},""timeEnemySpentControlled"":3171,""totalGold"":3247,""xp"":4509},""4"":{""championStats"":{""abilityHaste""'"
1197,"b':0,""abilityPower"":0,""armor"":52,""armorPen"":0,""armorPenPercent"":0,""attackDamage"":146,""attackSpeed"":200,""bonusArmorPenPercent"":0,""b'"
1198,"b'onusMagicPenPercent"":0,""ccReduction"":0,""cooldownReduction"":0,""health"":1074,""healthMax"":1074,""healthRegen"":11,""lifesteal"":1,""magi'"
1199,"b'cPen"":0,""magicPenPercent"":0,""magicResist"":36,""movementSpeed"":370,""omnivamp"":0,""physicalVamp"":0,""power"":502,""powerMax"":551,""power'"
1200,"b'Regen"":16,""spellVamp"":0},""currentGold"":307,""damageStats"":{""magicDamageDone"":109,""magicDamageDoneToChampions"":109,""magicDamageTak'"
1201,"b'en"":245,""physicalDamageDone"":19727,""physicalDamageDoneToChampions"":1962,""physicalDamageTaken"":1231,""totalDamageDone"":19837,""tota'"
1202,"b'lDamageDoneToChampions"":2072,""totalDamageTaken"":1520,""trueDamageDone"":0,""trueDamageDoneToChampions"":0,""trueDamageTaken"":44},""gol'"
1203,"b'dPerSecond"":0,""jungleMinionsKilled"":0,""level"":7,""minionsKilled"":86,""participantId"":4,""position"":{""x"":11934,""y"":1651},""timeEnemyS'"
1204,"b'pentControlled"":36029,""totalGold"":3587,""xp"":3354},""5"":{""championStats"":{""abilityHaste"":0,""abilityPower"":16,""armor"":71,""armorPen""'"
1205,"b':0,""armorPenPercent"":0,""attackDamage"":74,""attackSpeed"":110,""bonusArmorPenPercent"":0,""bonusMagicPenPercent"":0,""ccReduction"":5,""co'"
1206,"b'oldownReduction"":0,""health"":1220,""healthMax"":1220,""healthRegen"":30,""lifesteal"":0,""magicPen"":0,""magicPenPercent"":0,""magicResist"":'"
1207,"b'34,""movementSpeed"":375,""omnivamp"":0,""physicalVamp"":0,""power"":529,""powerMax"":529,""powerRegen"":16,""spellVamp"":0},""currentGold"":384'"
1208,"b',""damageStats"":{""magicDamageDone"":1798,""magicDamageDoneToChampions"":717,""magicDamageTaken"":468,""physicalDamageDone"":2438,""physic'"
1209,"b'alDamageDoneToChampions"":558,""physicalDamageTaken"":1940,""totalDamageDone"":5943,""totalDamageDoneToChampions"":1363,""totalDamageTak'"
1210,"b'en"":2409,""trueDamageDone"":1706,""trueDamageDoneToChampions"":88,""trueDamageTaken"":0},""goldPerSecond"":30,""jungleMinionsKilled"":0,""l'"
1211,"b'evel"":5,""minionsKilled"":14,""participantId"":5,""position"":{""x"":12249,""y"":1406},""timeEnemySpentControlled"":19931,""totalGold"":2689,""'"
1212,"b'xp"":2328},""6"":{""championStats"":{""abilityHaste"":0,""abilityPower"":0,""armor"":76,""armorPen"":0,""armorPenPercent"":0,""attackDamage"":95,'"
1213,"b'""attackSpeed"":151,""bonusArmorPenPercent"":0,""bonusMagicPenPercent"":0,""ccReduction"":0,""cooldownReduction"":0,""health"":392,""healthMa'"
1214,"b'x"":1310,""healthRegen"":15,""lifesteal"":0,""magicPen"":0,""magicPenPercent"":0,""magicResist"":37,""movementSpeed"":375,""omnivamp"":2,""physi'"
1215,"b'calVamp"":0,""power"":225,""powerMax"":581,""powerRegen"":24,""spellVamp"":0},""currentGold"":1332,""damageStats"":{""magicDamageDone"":1715,""m'"
1216,"b'agicDamageDoneToChampions"":490,""magicDamageTaken"":646,""physicalDamageDone"":22184,""physicalDamageDoneToChampions"":3095,""physicalD'"
1217,"b'amageTaken"":3509,""totalDamageDone"":24871,""totalDamageDoneToChampions"":3925,""totalDamageTaken"":4156,""trueDamageDone"":970,""trueDam'"
1218,"b'ageDoneToChampions"":340,""trueDamageTaken"":0},""goldPerSecond"":0,""jungleMinionsKilled"":0,""level"":8,""minionsKilled"":77,""participant'"
1219,"b'Id"":6,""position"":{""x"":1768,""y"":13041},""timeEnemySpentControlled"":0,""totalGold"":3432,""xp"":4608},""7"":{""championStats"":{""abilityHas'"
1220,"b'te"":0,""abilityPower"":111,""armor"":62,""armorPen"":0,""armorPenPercent"":0,""attackDamage"":74,""attackSpeed"":133,""bonusArmorPenPercent"":'"
1221,"b'0,""bonusMagicPenPercent"":0,""ccReduction"":0,""cooldownReduction"":0,""health"":1178,""healthMax"":1178,""healthRegen"":88,""lifesteal"":0,""'"
1222,"b'magicPen"":18,""magicPenPercent"":0,""magicResist"":36,""movementSpeed"":421,""omnivamp"":0,""physicalVamp"":0,""power"":461,""powerMax"":513,""'"
1223,"b'powerRegen"":138,""spellVamp"":0},""currentGold"":1158,""damageStats"":{""magicDamageDone"":34017,""magicDamageDoneToChampions"":1309,""magi'"
1224,"b'cDamageTaken"":232,""physicalDamageDone"":8628,""physicalDamageDoneToChampions"":241,""physicalDamageTaken"":5723,""totalDamageDone"":589'"
1225,"b'19,""totalDamageDoneToChampions"":1574,""totalDamageTaken"":6086,""trueDamageDone"":16272,""trueDamageDoneToChampions"":23,""trueDamageTa'"
1226,"b'ken"":130},""goldPerSecond"":0,""jungleMinionsKilled"":70,""level"":7,""minionsKilled"":2,""participantId"":7,""position"":{""x"":8092,""y"":3335'"
1227,"b'},""timeEnemySpentControlled"":118089,""totalGold"":4518,""xp"":3921},""8"":{""championStats"":{""abilityHaste"":0,""abilityPower"":0,""armor"":'"
1228,"b'61,""armorPen"":0,""armorPenPercent"":0,""attackDamage"":159,""attackSpeed"":119,""bonusArmorPenPercent"":0,""bonusMagicPenPercent"":0,""ccRe'"
1229,"b'duction"":12,""cooldownReduction"":0,""health"":0,""healthMax"":1336,""healthRegen"":22,""lifesteal"":0,""magicPen"":0,""magicPenPercent"":0,""m'"
1230,"b'agicResist"":43,""movementSpeed"":360,""omnivamp"":0,""physicalVamp"":0,""power"":466,""powerMax"":998,""powerRegen"":24,""spellVamp"":0},""curr'"
1231,"b'entGold"":131,""damageStats"":{""magicDamageDone"":1517,""magicDamageDoneToChampions"":222,""magicDamageTaken"":195,""physicalDamageDone"":'"
1232,"b'25749,""physicalDamageDoneToChampions"":3284,""physicalDamageTaken"":3094,""totalDamageDone"":27266,""totalDamageDoneToChampions"":3507,'"
1233,"b'""totalDamageTaken"":3403,""trueDamageDone"":0,""trueDamageDoneToChampions"":0,""trueDamageTaken"":114},""goldPerSecond"":0,""jungleMinions'"
1234,"b'Killed"":0,""level"":8,""minionsKilled"":64,""participantId"":8,""position"":{""x"":7913,""y"":7423},""timeEnemySpentControlled"":27806,""totalG'"
1235,"b'old"":3606,""xp"":4088},""9"":{""championStats"":{""abilityHaste"":0,""abilityPower"":0,""armor"":50,""armorPen"":0,""armorPenPercent"":0,""attack'"
1236,"b'Damage"":148,""attackSpeed"":130,""bonusArmorPenPercent"":0,""bonusMagicPenPercent"":0,""ccReduction"":0,""cooldownReduction"":0,""health"":1'"
1237,"b'072,""healthMax"":1106,""healthRegen"":10,""lifesteal"":2,""magicPen"":0,""magicPenPercent"":0,""magicResist"":35,""movementSpeed"":335,""omniv'"
1238,"b'amp"":2,""physicalVamp"":0,""power"":407,""powerMax"":499,""powerRegen"":21,""spellVamp"":0},""currentGold"":598,""damageStats"":{""magicDamageD'"
1239,"b'one"":988,""magicDamageDoneToChampions"":509,""magicDamageTaken"":694,""physicalDamageDone"":12251,""physicalDamageDoneToChampions"":2328'"
1240,"b',""physicalDamageTaken"":1211,""totalDamageDone"":13239,""totalDamageDoneToChampions"":2838,""totalDamageTaken"":1905,""trueDamageDone"":0'"
1241,"b',""trueDamageDoneToChampions"":0,""trueDamageTaken"":0},""goldPerSecond"":0,""jungleMinionsKilled"":0,""level"":6,""minionsKilled"":60,""part'"
1242,"b'icipantId"":9,""position"":{""x"":13050,""y"":2394},""timeEnemySpentControlled"":299,""totalGold"":4213,""xp"":2693},""10"":{""championStats"":{""'"
1243,"b'abilityHaste"":0,""abilityPower"":5,""armor"":72,""armorPen"":0,""armorPenPercent"":0,""attackDamage"":66,""attackSpeed"":143,""bonusArmorPenP'"
1244,"b'ercent"":0,""bonusMagicPenPercent"":0,""ccReduction"":0,""cooldownReduction"":0,""health"":1200,""healthMax"":1200,""healthRegen"":32,""lifest'"
1245,"b'eal"":0,""magicPen"":0,""magicPenPercent"":0,""magicResist"":41,""movementSpeed"":337,""omnivamp"":0,""physicalVamp"":0,""power"":441,""powerMax'"
1246,"b'"":527,""powerRegen"":14,""spellVamp"":0},""currentGold"":779,""damageStats"":{""magicDamageDone"":1426,""magicDamageDoneToChampions"":374,""m'"
1247,"b'agicDamageTaken"":445,""physicalDamageDone"":1671,""physicalDamageDoneToChampions"":152,""physicalDamageTaken"":1958,""totalDamageDone"":'"
1248,"b'7413,""totalDamageDoneToChampions"":570,""totalDamageTaken"":2492,""trueDamageDone"":4315,""trueDamageDoneToChampions"":44,""trueDamageTa'"
1249,"b'ken"":88},""goldPerSecond"":20,""jungleMinionsKilled"":0,""level"":6,""minionsKilled"":13,""participantId"":10,""position"":{""x"":12932,""y"":19'"
1250,"b'65},""timeEnemySpentControlled"":47751,""totalGold"":2779,""xp"":3008}},""timestamp"":600247},{""events"":[{""creatorId"":6,""timestamp"":6020'"
1251,"b'76,""type"":""WARD_PLACED"",""wardType"":""UNDEFINED""},{""itemId"":2010,""participantId"":3,""timestamp"":602243,""type"":""ITEM_DESTROYED""},{""l'"
1252,"b'evel"":6,""participantId"":5,""timestamp"":608391,""type"":""LEVEL_UP""},{""assistingParticipantIds"":[3],""bounty"":300,""killStreakLength"":0'"
1253,"b',""killerId"":2,""position"":{""x"":1411,""y"":11032},""shutdownBounty"":0,""timestamp"":609285,""type"":""CHAMPION_KILL"",""victimDamageDealt"":['"
1254,"b'{""basic"":false,""magicDamage"":0,""name"":""Akshan"",""participantId"":2,""physicalDamage"":40,""spellName"":""akshaneattack"",""spellSlot"":47,'"
1255,"b'""trueDamage"":0,""type"":""OTHER""},{""basic"":true,""magicDamage"":0,""name"":""Akshan"",""participantId"":2,""physicalDamage"":136,""spellName"":'"
1256,"b'""akshanbasicattack"",""spellSlot"":64,""trueDamage"":0,""type"":""OTHER""},{""basic"":false,""magicDamage"":0,""name"":""Akshan"",""participantId""'"
1257,"b':2,""physicalDamage"":202,""spellName"":""akshanq"",""spellSlot"":0,""trueDamage"":0,""type"":""OTHER""},{""basic"":false,""magicDamage"":35,""name'"
1258,"b'"":""Akshan"",""participantId"":2,""physicalDamage"":0,""spellName"":""akshanpassive"",""spellSlot"":63,""trueDamage"":0,""type"":""OTHER""}],""vict'"
1259,"b'imDamageReceived"":[{""basic"":false,""magicDamage"":0,""name"":""Shaco"",""participantId"":2,""physicalDamage"":0,""spellName"":""burning"",""spe'"
1260,"b'llSlot"":-1,""trueDamage"":26,""type"":""OTHER""},{""basic"":true,""magicDamage"":0,""name"":""Shaco"",""participantId"":2,""physicalDamage"":128,""'"
1261,"b'spellName"":""shacobasicattack2"",""spellSlot"":65,""trueDamage"":0,""type"":""OTHER""},{""basic"":true,""magicDamage"":0,""name"":""Shaco"",""parti'"
1262,"b'cipantId"":2,""physicalDamage"":51,""spellName"":""shacobasicattack"",""spellSlot"":64,""trueDamage"":0,""type"":""OTHER""},{""basic"":false,""mag'"
1263,"b'icDamage"":137,""name"":""Shaco"",""participantId"":2,""physicalDamage"":0,""spellName"":""twoshivpoison"",""spellSlot"":2,""trueDamage"":0,""type'"
1264,"b'"":""OTHER""},{""basic"":false,""magicDamage"":0,""name"":""Pantheon"",""participantId"":3,""physicalDamage"":189,""spellName"":""pantheonq"",""spel'"
1265,"b'lSlot"":0,""trueDamage"":0,""type"":""OTHER""},{""basic"":true,""magicDamage"":0,""name"":""SRU_OrderMinionRanged"",""participantId"":0,""physical'"
1266,"b'Damage"":8,""spellName"":""sru_orderminionrangedbasicattack"",""spellSlot"":64,""trueDamage"":0,""type"":""MINION""}],""victimId"":6},{""levelUp'"
1267,"b'Type"":""NORMAL"",""participantId"":5,""skillSlot"":4,""timestamp"":609886,""type"":""SKILL_LEVEL_UP""},{""itemId"":1036,""participantId"":1,""tim'"
1268,"b'estamp"":611120,""type"":""ITEM_DESTROYED""},{""itemId"":1036,""participantId"":1,""timestamp"":611120,""type"":""ITEM_DESTROYED""},{""itemId"":3'"
1269,"b'133,""participantId"":1,""timestamp"":611120,""type"":""ITEM_PURCHASED""},{""itemId"":1037,""participantId"":1,""timestamp"":611854,""type"":""IT'"
1270,"b'EM_DESTROYED""},{""itemId"":3077,""participantId"":1,""timestamp"":611854,""type"":""ITEM_PURCHASED""},{""assistingParticipantIds"":[9],""boun'"
1271,"b'ty"":274,""killStreakLength"":0,""killerId"":10,""position"":{""x"":12029,""y"":1825},""shutdownBounty"":0,""timestamp"":611922,""type"":""CHAMPIO'"
1272,"b'N_KILL"",""victimDamageDealt"":[{""basic"":false,""magicDamage"":0,""name"":""Aphelios"",""participantId"":10,""physicalDamage"":179,""spellName'"
1273,"b'"":""apheliosp"",""spellSlot"":63,""trueDamage"":0,""type"":""OTHER""}],""victimDamageReceived"":[{""basic"":false,""magicDamage"":58,""name"":""Rel'"
1274,"b'l"",""participantId"":10,""physicalDamage"":0,""spellName"":""relle"",""spellSlot"":2,""trueDamage"":0,""type"":""OTHER""},{""basic"":false,""magicD'"
1275,"b'amage"":8,""name"":""Rell"",""participantId"":10,""physicalDamage"":0,""spellName"":""rellw_mountup"",""spellSlot"":1,""trueDamage"":0,""type"":""OT'"
1276,"b'HER""},{""basic"":false,""magicDamage"":0,""name"":""Rell"",""participantId"":10,""physicalDamage"":43,""spellName"":"""",""spellSlot"":1,""trueDama'"
1277,"b'ge"":0,""type"":""OTHER""},{""basic"":false,""magicDamage"":0,""name"":""Rell"",""participantId"":10,""physicalDamage"":0,""spellName"":""summonerdo'"
1278,"b't"",""spellSlot"":5,""trueDamage"":102,""type"":""OTHER""},{""basic"":false,""magicDamage"":82,""name"":""Rell"",""participantId"":10,""physicalDama'"
1279,"b'ge"":0,""spellName"":""rellr"",""spellSlot"":3,""trueDamage"":0,""type"":""OTHER""},{""basic"":false,""magicDamage"":47,""name"":""Rell"",""participan'"
1280,"b'tId"":10,""physicalDamage"":0,""spellName"":""rellq"",""spellSlot"":0,""trueDamage"":0,""type"":""OTHER""},{""basic"":true,""magicDamage"":0,""name""'"
1281,"b':""Rell"",""participantId"":10,""physicalDamage"":44,""spellName"":""rellbasicattack"",""spellSlot"":64,""trueDamage"":0,""type"":""OTHER""},{""bas'"
1282,"b'ic"":false,""magicDamage"":0,""name"":""Samira"",""participantId"":9,""physicalDamage"":18,""spellName"":"""",""spellSlot"":-1,""trueDamage"":0,""ty'"
1283,"b'pe"":""OTHER""},{""basic"":true,""magicDamage"":0,""name"":""Samira"",""participantId"":9,""physicalDamage"":193,""spellName"":""samirapassive"",""s'"
1284,"b'pellSlot"":63,""trueDamage"":0,""type"":""OTHER""},{""basic"":false,""magicDamage"":68,""name"":""Samira"",""participantId"":9,""physicalDamage"":0'"
1285,"b',""spellName"":""samirae"",""spellSlot"":2,""trueDamage"":0,""type"":""OTHER""},{""basic"":false,""magicDamage"":42,""name"":""Samira"",""participant'"
1286,"b'Id"":9,""physicalDamage"":92,""spellName"":""samirapassive"",""spellSlot"":63,""trueDamage"":0,""type"":""OTHER""},{""basic"":false,""magicDamage""'"
1287,"b':18,""name"":""Samira"",""participantId"":9,""physicalDamage"":135,""spellName"":""samiraq"",""spellSlot"":0,""trueDamage"":0,""type"":""OTHER""},{""'"
1288,"b'basic"":false,""magicDamage"":40,""name"":""Samira"",""participantId"":9,""physicalDamage"":132,""spellName"":""samiraw"",""spellSlot"":1,""trueDa'"
1289,"b'mage"":0,""type"":""OTHER""}],""victimId"":4},{""assistingParticipantIds"":[7,10],""bounty"":274,""killStreakLength"":4,""killerId"":9,""positio'"
1290,"b'n"":{""x"":11266,""y"":1118},""shutdownBounty"":0,""timestamp"":613789,""type"":""CHAMPION_KILL"",""victimDamageDealt"":[{""basic"":false,""magicD'"
1291,"b'amage"":45,""name"":""Thresh"",""participantId"":9,""physicalDamage"":0,""spellName"":"""",""spellSlot"":-1,""trueDamage"":0,""type"":""OTHER""},{""ba'"
1292,"b'sic"":false,""magicDamage"":196,""name"":""Thresh"",""participantId"":9,""physicalDamage"":0,""spellName"":""threshrpenta"",""spellSlot"":3,""true'"
1293,"b'Damage"":0,""type"":""OTHER""},{""basic"":false,""magicDamage"":62,""name"":""Thresh"",""participantId"":10,""physicalDamage"":0,""spellName"":""thr'"
1294,"b'eshe"",""spellSlot"":2,""trueDamage"":0,""type"":""OTHER""},{""basic"":false,""magicDamage"":50,""name"":""Thresh"",""participantId"":10,""physicalD'"
1295,"b'amage"":0,""spellName"":"""",""spellSlot"":-1,""trueDamage"":0,""type"":""OTHER""}],""victimDamageReceived"":[{""basic"":false,""magicDamage"":128,'"
1296,"b'""name"":""Samira"",""participantId"":9,""physicalDamage"":0,""spellName"":""samirae"",""spellSlot"":2,""trueDamage"":0,""type"":""OTHER""},{""basic""'"
1297,"b':false,""magicDamage"":10,""name"":""Samira"",""participantId"":9,""physicalDamage"":39,""spellName"":""samiraq"",""spellSlot"":0,""trueDamage"":0'"
1298,"b',""type"":""OTHER""},{""basic"":false,""magicDamage"":18,""name"":""Samira"",""participantId"":9,""physicalDamage"":43,""spellName"":""samiraw"",""sp'"
1299,"b'ellSlot"":1,""trueDamage"":0,""type"":""OTHER""},{""basic"":false,""magicDamage"":0,""name"":""Samira"",""participantId"":9,""physicalDamage"":539,'"
1300,"b'""spellName"":""samirar"",""spellSlot"":3,""trueDamage"":0,""type"":""OTHER""},{""basic"":false,""magicDamage"":79,""name"":""Rell"",""participantId""'"
1301,"b':10,""physicalDamage"":0,""spellName"":""rellr"",""spellSlot"":3,""trueDamage"":0,""type"":""OTHER""},{""basic"":false,""magicDamage"":37,""name"":""'"
1302,"b'Rell"",""participantId"":10,""physicalDamage"":0,""spellName"":""rellq"",""spellSlot"":0,""trueDamage"":0,""type"":""OTHER""},{""basic"":false,""mag'"
1303,"b'icDamage"":486,""name"":""Nidalee"",""participantId"":7,""physicalDamage"":0,""spellName"":""javelintoss"",""spellSlot"":0,""trueDamage"":0,""type'"
1304,"b'"":""OTHER""}],""victimId"":5},{""level"":7,""participantId"":10,""timestamp"":613789,""type"":""LEVEL_UP""},{""level"":8,""participantId"":7,""time'"
1305,"b'stamp"":614023,""type"":""LEVEL_UP""},{""itemId"":1036,""participantId"":6,""timestamp"":614557,""type"":""ITEM_DESTROYED""},{""itemId"":1053,""pa'"
1306,"b'rticipantId"":6,""timestamp"":614557,""type"":""ITEM_PURCHASED""},{""levelUpType"":""NORMAL"",""participantId"":7,""skillSlot"":3,""timestamp"":6'"
1307,"b'15089,""type"":""SKILL_LEVEL_UP""},{""levelUpType"":""NORMAL"",""participantId"":10,""skillSlot"":3,""timestamp"":616021,""type"":""SKILL_LEVEL_U'"
1308,"b'P""},{""afterId"":0,""beforeId"":1053,""goldGain"":550,""participantId"":6,""timestamp"":616821,""type"":""ITEM_UNDO""},{""creatorId"":7,""timesta'"
1309,"b'mp"":617355,""type"":""WARD_PLACED"",""wardType"":""UNDEFINED""},{""itemId"":3858,""participantId"":10,""timestamp"":619961,""type"":""ITEM_DESTRO'"
1310,"b'YED""},{""itemId"":1028,""participantId"":5,""timestamp"":621267,""type"":""ITEM_DESTROYED""},{""itemId"":1029,""participantId"":5,""timestamp"":'"
1311,"b'621267,""type"":""ITEM_DESTROYED""},{""itemId"":3023,""participantId"":5,""timestamp"":621267,""type"":""ITEM_PURCHASED""},{""killerId"":3,""lane'"
1312,"b'Type"":""TOP_LANE"",""position"":{""x"":4318,""y"":13875},""teamId"":200,""timestamp"":625201,""type"":""TURRET_PLATE_DESTROYED""},{""itemId"":1036'"
1313,"b',""participantId"":6,""timestamp"":626742,""type"":""ITEM_DESTROYED""},{""itemId"":1053,""participantId"":6,""timestamp"":626742,""type"":""ITEM_'"
1314,"b'PURCHASED""},{""assistingParticipantIds"":[10],""bounty"":300,""killStreakLength"":3,""killerId"":7,""position"":{""x"":8528,""y"":3751},""shutd'"
1315,"b'ownBounty"":0,""timestamp"":626943,""type"":""CHAMPION_KILL"",""victimDamageDealt"":[{""basic"":false,""magicDamage"":182,""name"":""Belveth"",""p'"
1316,"b'articipantId"":7,""physicalDamage"":0,""spellName"":""belvethw"",""spellSlot"":1,""trueDamage"":0,""type"":""OTHER""},{""basic"":false,""magicDama'"
1317,"b'ge"":0,""name"":""Belveth"",""participantId"":7,""physicalDamage"":3,""spellName"":"""",""spellSlot"":-1,""trueDamage"":0,""type"":""OTHER""},{""basic'"
1318,"b'"":false,""magicDamage"":0,""name"":""Belveth"",""participantId"":7,""physicalDamage"":96,""spellName"":""belvethq"",""spellSlot"":0,""trueDamage""'"
1319,"b':0,""type"":""OTHER""},{""basic"":false,""magicDamage"":0,""name"":""Belveth"",""participantId"":10,""physicalDamage"":0,""spellName"":""belvethe"",'"
1320,"b'""spellSlot"":2,""trueDamage"":0,""type"":""OTHER""},{""basic"":false,""magicDamage"":0,""name"":""Belveth"",""participantId"":10,""physicalDamage""'"
1321,"b':0,""spellName"":"""",""spellSlot"":-1,""trueDamage"":0,""type"":""OTHER""}],""victimDamageReceived"":[{""basic"":true,""magicDamage"":0,""name"":""S'"
1322,"b'RU_ChaosMinionSiege"",""participantId"":0,""physicalDamage"":14,""spellName"":""sru_chaosminionsiegebasicattack"",""spellSlot"":64,""trueDam'"
1323,"b'age"":0,""type"":""MINION""},{""basic"":true,""magicDamage"":0,""name"":""Nidalee"",""participantId"":7,""physicalDamage"":101,""spellName"":""nidal'"
1324,"b'eecougarbasicattack"",""spellSlot"":64,""trueDamage"":0,""type"":""OTHER""},{""basic"":false,""magicDamage"":103,""name"":""Nidalee"",""participan'"
1325,"b'tId"":7,""physicalDamage"":0,""spellName"":"""",""spellSlot"":-1,""trueDamage"":0,""type"":""OTHER""},{""basic"":true,""magicDamage"":0,""name"":""Nid'"
1326,"b'alee"",""participantId"":7,""physicalDamage"":50,""spellName"":""nidaleebasicattack"",""spellSlot"":64,""trueDamage"":0,""type"":""OTHER""},{""bas'"
1327,"b'ic"":false,""magicDamage"":337,""name"":""Nidalee"",""participantId"":7,""physicalDamage"":0,""spellName"":""javelintoss"",""spellSlot"":0,""trueD'"
1328,"b'amage"":0,""type"":""OTHER""},{""basic"":false,""magicDamage"":0,""name"":""Nidalee"",""participantId"":7,""physicalDamage"":0,""spellName"":""burni'"
1329,"b'ng"",""spellSlot"":-1,""trueDamage"":25,""type"":""OTHER""},{""basic"":false,""magicDamage"":204,""name"":""Nidalee"",""participantId"":7,""physical'"
1330,"b'Damage"":0,""spellName"":""takedown"",""spellSlot"":0,""trueDamage"":0,""type"":""OTHER""},{""basic"":false,""magicDamage"":165,""name"":""Nidalee"",'"
1331,"b'""participantId"":7,""physicalDamage"":0,""spellName"":""swipe"",""spellSlot"":2,""trueDamage"":0,""type"":""OTHER""},{""basic"":false,""magicDamag'"
1332,"b'e"":45,""name"":""Rell"",""participantId"":10,""physicalDamage"":0,""spellName"":""rellq"",""spellSlot"":0,""trueDamage"":0,""type"":""OTHER""},{""bas'"
1333,"b'ic"":false,""magicDamage"":68,""name"":""Rell"",""participantId"":10,""physicalDamage"":0,""spellName"":""relle"",""spellSlot"":2,""trueDamage"":0,'"
1334,"b'""type"":""OTHER""},{""basic"":true,""magicDamage"":0,""name"":""Rell"",""participantId"":10,""physicalDamage"":42,""spellName"":""rellbasicattack""'"
1335,"b',""spellSlot"":64,""trueDamage"":0,""type"":""OTHER""},{""basic"":true,""magicDamage"":0,""name"":""Rell"",""participantId"":10,""physicalDamage"":4'"
1336,"b'3,""spellName"":""rellbasicattack2"",""spellSlot"":65,""trueDamage"":0,""type"":""OTHER""}],""victimId"":1},{""itemId"":2010,""participantId"":3,""'"
1337,"b'timestamp"":627313,""type"":""ITEM_DESTROYED""},{""afterId"":0,""beforeId"":1053,""goldGain"":550,""participantId"":6,""timestamp"":628215,""typ'"
1338,"b'e"":""ITEM_UNDO""},{""itemId"":1037,""participantId"":6,""timestamp"":628815,""type"":""ITEM_PURCHASED""},{""afterId"":0,""beforeId"":1037,""goldG'"
1339,"b'ain"":875,""participantId"":6,""timestamp"":629919,""type"":""ITEM_UNDO""},{""itemId"":3513,""participantId"":7,""timestamp"":630052,""type"":""IT'"
1340,"b'EM_DESTROYED""},{""killerId"":9,""laneType"":""BOT_LANE"",""position"":{""x"":10504,""y"":1029},""teamId"":100,""timestamp"":630186,""type"":""TURRE'"
1341,"b'T_PLATE_DESTROYED""},{""itemId"":1036,""participantId"":6,""timestamp"":630385,""type"":""ITEM_DESTROYED""},{""itemId"":1053,""participantId"":'"
1342,"b'6,""timestamp"":630385,""type"":""ITEM_PURCHASED""},{""itemId"":2031,""participantId"":6,""timestamp"":631687,""type"":""ITEM_SOLD""},{""level"":9'"
1343,"b',""participantId"":3,""timestamp"":631687,""type"":""LEVEL_UP""},{""itemId"":1037,""participantId"":6,""timestamp"":632218,""type"":""ITEM_PURCHA'"
1344,"b'SED""},{""killerId"":10,""timestamp"":632317,""type"":""WARD_KILL"",""wardType"":""SIGHT_WARD""},{""levelUpType"":""NORMAL"",""participantId"":3,""s'"
1345,"b'killSlot"":1,""timestamp"":633248,""type"":""SKILL_LEVEL_UP""},{""level"":7,""participantId"":9,""timestamp"":633584,""type"":""LEVEL_UP""},{""lev'"
1346,"b'elUpType"":""NORMAL"",""participantId"":9,""skillSlot"":1,""timestamp"":634757,""type"":""SKILL_LEVEL_UP""},{""itemId"":1042,""participantId"":4,'"
1347,"b'""timestamp"":636395,""type"":""ITEM_DESTROYED""},{""itemId"":1043,""participantId"":4,""timestamp"":636395,""type"":""ITEM_PURCHASED""},{""creat'"
1348,"b'orId"":7,""timestamp"":636862,""type"":""WARD_PLACED"",""wardType"":""UNDEFINED""},{""creatorId"":10,""timestamp"":638831,""type"":""WARD_PLACED"",'"
1349,"b'""wardType"":""SIGHT_WARD""},{""bounty"":300,""killStreakLength"":0,""killerId"":8,""position"":{""x"":3339,""y"":13717},""shutdownBounty"":0,""tim'"
1350,"b'estamp"":640928,""type"":""CHAMPION_KILL"",""victimDamageReceived"":[{""basic"":true,""magicDamage"":0,""name"":""SRU_ChaosMinionRanged"",""part'"
1351,"b'icipantId"":0,""physicalDamage"":15,""spellName"":""sru_chaosminionmeleebasicattack"",""spellSlot"":64,""trueDamage"":0,""type"":""MINION""},{""'"
1352,"b'basic"":true,""magicDamage"":0,""name"":""SRU_ChaosMinionRanged"",""participantId"":0,""physicalDamage"":54,""spellName"":""sru_chaosminionran'"
1353,"b'gedbasicattack"",""spellSlot"":64,""trueDamage"":0,""type"":""MINION""},{""basic"":true,""magicDamage"":0,""name"":""SRU_ChaosMinionRanged"",""par'"
1354,"b'ticipantId"":0,""physicalDamage"":65,""spellName"":""sru_chaosminionrangedbasicattack2"",""spellSlot"":65,""trueDamage"":0,""type"":""MINION""}'"
1355,"b',{""basic"":false,""magicDamage"":0,""name"":""Qiyana"",""participantId"":8,""physicalDamage"":214,""spellName"":""qiyanar"",""spellSlot"":3,""true'"
1356,"b'Damage"":0,""type"":""OTHER""},{""basic"":false,""magicDamage"":0,""name"":""Qiyana"",""participantId"":8,""physicalDamage"":79,""spellName"":""qiya'"
1357,"b'napassive"",""spellSlot"":63,""trueDamage"":0,""type"":""OTHER""},{""basic"":false,""magicDamage"":85,""name"":""Qiyana"",""participantId"":8,""phys'"
1358,"b'icalDamage"":0,""spellName"":""qiyanaw"",""spellSlot"":1,""trueDamage"":0,""type"":""OTHER""},{""basic"":false,""magicDamage"":0,""name"":""Qiyana"",'"
1359,"b'""participantId"":8,""physicalDamage"":207,""spellName"":""qiyanaq_rock"",""spellSlot"":0,""trueDamage"":0,""type"":""OTHER""},{""basic"":false,""m'"
1360,"b'agicDamage"":0,""name"":""Qiyana"",""participantId"":8,""physicalDamage"":94,""spellName"":""qiyanaq_grass"",""spellSlot"":0,""trueDamage"":0,""ty'"
1361,"b'pe"":""OTHER""},{""basic"":true,""magicDamage"":0,""name"":""Qiyana"",""participantId"":8,""physicalDamage"":194,""spellName"":""qiyanabasicattack'"
1362,"b'"",""spellSlot"":64,""trueDamage"":0,""type"":""OTHER""}],""victimId"":3},{""killerId"":7,""laneType"":""BOT_LANE"",""position"":{""x"":10504,""y"":102'"
1363,"b'9},""teamId"":100,""timestamp"":644628,""type"":""TURRET_PLATE_DESTROYED""},{""killerId"":7,""laneType"":""BOT_LANE"",""position"":{""x"":10504,""y'"
1364,"b'"":1029},""teamId"":100,""timestamp"":644628,""type"":""TURRET_PLATE_DESTROYED""},{""itemId"":2055,""participantId"":1,""timestamp"":645128,""ty'"
1365,"b'pe"":""ITEM_PURCHASED""},{""itemId"":1036,""participantId"":3,""timestamp"":648066,""type"":""ITEM_DESTROYED""},{""itemId"":1036,""participantId'"
1366,"b'"":3,""timestamp"":648066,""type"":""ITEM_DESTROYED""},{""itemId"":3134,""participantId"":3,""timestamp"":648066,""type"":""ITEM_PURCHASED""},{""i'"
1367,"b'temId"":3133,""participantId"":3,""timestamp"":649134,""type"":""ITEM_PURCHASED""},{""itemId"":1001,""participantId"":3,""timestamp"":649900,""t'"
1368,"b'ype"":""ITEM_PURCHASED""},{""itemId"":1028,""participantId"":10,""timestamp"":651131,""type"":""ITEM_DESTROYED""},{""itemId"":1011,""participant'"
1369,"b'Id"":10,""timestamp"":651131,""type"":""ITEM_PURCHASED""},{""itemId"":1052,""participantId"":10,""timestamp"":652165,""type"":""ITEM_PURCHASED""}'"
1370,"b',{""afterId"":0,""beforeId"":1052,""goldGain"":435,""participantId"":10,""timestamp"":652733,""type"":""ITEM_UNDO""},{""itemId"":1052,""participa'"
1371,"b'ntId"":7,""timestamp"":653966,""type"":""ITEM_DESTROYED""},{""itemId"":3108,""participantId"":7,""timestamp"":653966,""type"":""ITEM_DESTROYED""}'"
1372,"b',{""itemId"":4636,""participantId"":7,""timestamp"":653966,""type"":""ITEM_PURCHASED""},{""itemId"":2055,""participantId"":7,""timestamp"":65476'"
1373,"b'4,""type"":""ITEM_PURCHASED""},{""killerId"":0,""laneType"":""BOT_LANE"",""position"":{""x"":10504,""y"":1029},""teamId"":100,""timestamp"":655733,""'"
1374,"b'type"":""TURRET_PLATE_DESTROYED""},{""itemId"":1033,""participantId"":10,""timestamp"":655831,""type"":""ITEM_PURCHASED""},{""itemId"":1029,""pa'"
1375,"b'rticipantId"":10,""timestamp"":656031,""type"":""ITEM_PURCHASED""},{""itemId"":2055,""participantId"":10,""timestamp"":656566,""type"":""ITEM_PU'"
1376,"b'RCHASED""},{""itemId"":2055,""participantId"":10,""timestamp"":656698,""type"":""ITEM_PURCHASED""},{""level"":9,""participantId"":8,""timestamp""'"
1377,"b':659974,""type"":""LEVEL_UP""}],""participantFrames"":{""1"":{""championStats"":{""abilityHaste"":0,""abilityPower"":0,""armor"":65,""armorPen"":0'"
1378,"b',""armorPenPercent"":0,""attackDamage"":129,""attackSpeed"":148,""bonusArmorPenPercent"":0,""bonusMagicPenPercent"":0,""ccReduction"":5,""coo'"
1379,"b'ldownReduction"":0,""health"":1261,""healthMax"":1261,""healthRegen"":26,""lifesteal"":0,""magicPen"":0,""magicPenPercent"":0,""magicResist"":4'"
1380,"b'3,""movementSpeed"":490,""omnivamp"":0,""physicalVamp"":0,""power"":0,""powerMax"":60,""powerRegen"":0,""spellVamp"":0},""currentGold"":156,""dam'"
1381,"b'ageStats"":{""magicDamageDone"":9361,""magicDamageDoneToChampions"":1067,""magicDamageTaken"":1562,""physicalDamageDone"":17411,""physical'"
1382,"b'DamageDoneToChampions"":2072,""physicalDamageTaken"":4298,""totalDamageDone"":27359,""totalDamageDoneToChampions"":3140,""totalDamageTak'"
1383,"b'en"":6248,""trueDamageDone"":586,""trueDamageDoneToChampions"":0,""trueDamageTaken"":388},""goldPerSecond"":0,""jungleMinionsKilled"":1,""le'"
1384,"b'vel"":8,""minionsKilled"":61,""participantId"":1,""position"":{""x"":790,""y"":3537},""timeEnemySpentControlled"":128040,""totalGold"":3181,""xp'"
1385,"b'"":4650},""2"":{""championStats"":{""abilityHaste"":0,""abilityPower"":53,""armor"":55,""armorPen"":0,""armorPenPercent"":0,""attackDamage"":77,""'"
1386,"b'attackSpeed"":135,""bonusArmorPenPercent"":0,""bonusMagicPenPercent"":0,""ccReduction"":0,""cooldownReduction"":0,""health"":823,""healthMax'"
1387,"b'"":1109,""healthRegen"":22,""lifesteal"":0,""magicPen"":0,""magicPenPercent"":0,""magicResist"":41,""movementSpeed"":345,""omnivamp"":0,""physic'"
1388,"b'alVamp"":0,""power"":623,""powerMax"":790,""powerRegen"":51,""spellVamp"":0},""currentGold"":2031,""damageStats"":{""magicDamageDone"":19591,""m'"
1389,"b'agicDamageDoneToChampions"":568,""magicDamageTaken"":2073,""physicalDamageDone"":17816,""physicalDamageDoneToChampions"":517,""physicalD'"
1390,"b'amageTaken"":4345,""totalDamageDone"":48123,""totalDamageDoneToChampions"":1112,""totalDamageTaken"":6419,""trueDamageDone"":10715,""trueD'"
1391,"b'amageDoneToChampions"":26,""trueDamageTaken"":0},""goldPerSecond"":0,""jungleMinionsKilled"":56,""level"":7,""minionsKilled"":9,""participan'"
1392,"b'tId"":2,""position"":{""x"":8034,""y"":9494},""timeEnemySpentControlled"":267980,""totalGold"":3646,""xp"":3589},""3"":{""championStats"":{""abili'"
1393,"b'tyHaste"":0,""abilityPower"":0,""armor"":79,""armorPen"":0,""armorPenPercent"":10,""attackDamage"":177,""attackSpeed"":130,""bonusArmorPenPerc'"
1394,"b'ent"":0,""bonusMagicPenPercent"":0,""ccReduction"":0,""cooldownReduction"":0,""health"":0,""healthMax"":1384,""healthRegen"":20,""lifesteal"":0'"
1395,"b',""magicPen"":0,""magicPenPercent"":0,""magicResist"":41,""movementSpeed"":370,""omnivamp"":0,""physicalVamp"":0,""power"":222,""powerMax"":645,'"
1396,"b'""powerRegen"":20,""spellVamp"":0},""currentGold"":29,""damageStats"":{""magicDamageDone"":695,""magicDamageDoneToChampions"":70,""magicDamag'"
1397,"b'eTaken"":959,""physicalDamageDone"":30093,""physicalDamageDoneToChampions"":2563,""physicalDamageTaken"":4495,""totalDamageDone"":31032,""'"
1398,"b'totalDamageDoneToChampions"":2878,""totalDamageTaken"":5454,""trueDamageDone"":244,""trueDamageDoneToChampions"":244,""trueDamageTaken"":'"
1399,"b'0},""goldPerSecond"":0,""jungleMinionsKilled"":0,""level"":9,""minionsKilled"":79,""participantId"":3,""position"":{""x"":3339,""y"":13717},""tim'"
1400,"b'eEnemySpentControlled"":5340,""totalGold"":3909,""xp"":5203},""4"":{""championStats"":{""abilityHaste"":0,""abilityPower"":0,""armor"":52,""armo'"
1401,"b'rPen"":0,""armorPenPercent"":0,""attackDamage"":146,""attackSpeed"":203,""bonusArmorPenPercent"":0,""bonusMagicPenPercent"":0,""ccReduction""'"
1402,"b':0,""cooldownReduction"":0,""health"":1074,""healthMax"":1074,""healthRegen"":11,""lifesteal"":1,""magicPen"":0,""magicPenPercent"":0,""magicRe'"
1403,"b'sist"":36,""movementSpeed"":370,""omnivamp"":0,""physicalVamp"":0,""power"":551,""powerMax"":551,""powerRegen"":16,""spellVamp"":0},""currentGol'"
1404,"b'd"":81,""damageStats"":{""magicDamageDone"":124,""magicDamageDoneToChampions"":109,""magicDamageTaken"":611,""physicalDamageDone"":20200,""p'"
1405,"b'hysicalDamageDoneToChampions"":2268,""physicalDamageTaken"":1892,""totalDamageDone"":20325,""totalDamageDoneToChampions"":2378,""totalDa'"
1406,"b'mageTaken"":2650,""trueDamageDone"":0,""trueDamageDoneToChampions"":0,""trueDamageTaken"":146},""goldPerSecond"":0,""jungleMinionsKilled"":'"
1407,"b'0,""level"":7,""minionsKilled"":89,""participantId"":4,""position"":{""x"":10519,""y"":1255},""timeEnemySpentControlled"":40600,""totalGold"":37'"
1408,"b'61,""xp"":3485},""5"":{""championStats"":{""abilityHaste"":0,""abilityPower"":18,""armor"":83,""armorPen"":0,""armorPenPercent"":0,""attackDamage'"
1409,"b'"":76,""attackSpeed"":113,""bonusArmorPenPercent"":0,""bonusMagicPenPercent"":0,""ccReduction"":5,""cooldownReduction"":0,""health"":1324,""he'"
1410,"b'althMax"":1324,""healthRegen"":32,""lifesteal"":0,""magicPen"":0,""magicPenPercent"":0,""magicResist"":35,""movementSpeed"":375,""omnivamp"":0,'"
1411,"b'""physicalVamp"":0,""power"":567,""powerMax"":567,""powerRegen"":18,""spellVamp"":0},""currentGold"":209,""damageStats"":{""magicDamageDone"":21'"
1412,"b'54,""magicDamageDoneToChampions"":1073,""magicDamageTaken"":1229,""physicalDamageDone"":2588,""physicalDamageDoneToChampions"":558,""phys'"
1413,"b'icalDamageTaken"":2564,""totalDamageDone"":6679,""totalDamageDoneToChampions"":1719,""totalDamageTaken"":3793,""trueDamageDone"":1935,""tr'"
1414,"b'ueDamageDoneToChampions"":88,""trueDamageTaken"":0},""goldPerSecond"":30,""jungleMinionsKilled"":0,""level"":6,""minionsKilled"":16,""partic'"
1415,"b'ipantId"":5,""position"":{""x"":10727,""y"":1330},""timeEnemySpentControlled"":24526,""totalGold"":2864,""xp"":2460},""6"":{""championStats"":{""a'"
1416,"b'bilityHaste"":0,""abilityPower"":0,""armor"":76,""armorPen"":0,""armorPenPercent"":0,""attackDamage"":134,""attackSpeed"":151,""bonusArmorPenP'"
1417,"b'ercent"":0,""bonusMagicPenPercent"":0,""ccReduction"":0,""cooldownReduction"":0,""health"":1310,""healthMax"":1310,""healthRegen"":15,""lifest'"
1418,"b'eal"":7,""magicPen"":0,""magicPenPercent"":0,""magicResist"":37,""movementSpeed"":375,""omnivamp"":2,""physicalVamp"":0,""power"":447,""powerMax'"
1419,"b'"":581,""powerRegen"":24,""spellVamp"":0},""currentGold"":111,""damageStats"":{""magicDamageDone"":1772,""magicDamageDoneToChampions"":547,""m'"
1420,"b'agicDamageTaken"":783,""physicalDamageDone"":23829,""physicalDamageDoneToChampions"":3474,""physicalDamageTaken"":3887,""totalDamageDone'"
1421,"b'"":26573,""totalDamageDoneToChampions"":4362,""totalDamageTaken"":4698,""trueDamageDone"":970,""trueDamageDoneToChampions"":340,""trueDama'"
1422,"b'geTaken"":26},""goldPerSecond"":0,""jungleMinionsKilled"":0,""level"":8,""minionsKilled"":78,""participantId"":6,""position"":{""x"":6738,""y"":6'"
1423,"b'924},""timeEnemySpentControlled"":0,""totalGold"":3576,""xp"":4670},""7"":{""championStats"":{""abilityHaste"":0,""abilityPower"":162,""armor"":'"
1424,"b'66,""armorPen"":0,""armorPenPercent"":0,""attackDamage"":78,""attackSpeed"":136,""bonusArmorPenPercent"":0,""bonusMagicPenPercent"":0,""ccRed'"
1425,"b'uction"":0,""cooldownReduction"":0,""health"":1579,""healthMax"":1579,""healthRegen"":18,""lifesteal"":0,""magicPen"":18,""magicPenPercent"":0,'"
1426,"b'""magicResist"":37,""movementSpeed"":385,""omnivamp"":0,""physicalVamp"":0,""power"":555,""powerMax"":555,""powerRegen"":126,""spellVamp"":0},""c'"
1427,"b'urrentGold"":89,""damageStats"":{""magicDamageDone"":40781,""magicDamageDoneToChampions"":2608,""magicDamageTaken"":415,""physicalDamageDo'"
1428,"b'ne"":8968,""physicalDamageDoneToChampions"":393,""physicalDamageTaken"":6270,""totalDamageDone"":66799,""totalDamageDoneToChampions"":305'"
1429,"b'0,""totalDamageTaken"":6815,""trueDamageDone"":17050,""trueDamageDoneToChampions"":48,""trueDamageTaken"":130},""goldPerSecond"":0,""jungle'"
1430,"b'MinionsKilled"":74,""level"":8,""minionsKilled"":2,""participantId"":7,""position"":{""x"":11563,""y"":13165},""timeEnemySpentControlled"":1282'"
1431,"b'29,""totalGold"":5389,""xp"":4474},""8"":{""championStats"":{""abilityHaste"":0,""abilityPower"":0,""armor"":65,""armorPen"":0,""armorPenPercent""'"
1432,"b':0,""attackDamage"":162,""attackSpeed"":131,""bonusArmorPenPercent"":0,""bonusMagicPenPercent"":0,""ccReduction"":13,""cooldownReduction"":0'"
1433,"b',""health"":1424,""healthMax"":1461,""healthRegen"":24,""lifesteal"":0,""magicPen"":0,""magicPenPercent"":0,""magicResist"":45,""movementSpeed""'"
1434,"b':428,""omnivamp"":0,""physicalVamp"":0,""power"":922,""powerMax"":1071,""powerRegen"":25,""spellVamp"":0},""currentGold"":687,""damageStats"":{""'"
1435,"b'magicDamageDone"":1840,""magicDamageDoneToChampions"":308,""magicDamageTaken"":195,""physicalDamageDone"":30209,""physicalDamageDoneToCh'"
1436,"b'ampions"":4074,""physicalDamageTaken"":3152,""totalDamageDone"":32049,""totalDamageDoneToChampions"":4383,""totalDamageTaken"":3461,""true'"
1437,"b'DamageDone"":0,""trueDamageDoneToChampions"":0,""trueDamageTaken"":114},""goldPerSecond"":0,""jungleMinionsKilled"":0,""level"":9,""minionsK'"
1438,"b'illed"":72,""participantId"":8,""position"":{""x"":1746,""y"":11344},""timeEnemySpentControlled"":35317,""totalGold"":4162,""xp"":5065},""9"":{""c'"
1439,"b'hampionStats"":{""abilityHaste"":0,""abilityPower"":0,""armor"":54,""armorPen"":0,""armorPenPercent"":0,""attackDamage"":153,""attackSpeed"":13'"
1440,"b'3,""bonusArmorPenPercent"":0,""bonusMagicPenPercent"":0,""ccReduction"":0,""cooldownReduction"":0,""health"":997,""healthMax"":1203,""healthR'"
1441,"b'egen"":11,""lifesteal"":3,""magicPen"":0,""magicPenPercent"":0,""magicResist"":36,""movementSpeed"":335,""omnivamp"":2,""physicalVamp"":0,""powe'"
1442,"b'r"":116,""powerMax"":533,""powerRegen"":23,""spellVamp"":0},""currentGold"":2013,""damageStats"":{""magicDamageDone"":2473,""magicDamageDoneTo'"
1443,"b'Champions"":836,""magicDamageTaken"":936,""physicalDamageDone"":20022,""physicalDamageDoneToChampions"":3524,""physicalDamageTaken"":1513'"
1444,"b',""totalDamageDone"":22495,""totalDamageDoneToChampions"":4360,""totalDamageTaken"":2450,""trueDamageDone"":0,""trueDamageDoneToChampions'"
1445,"b'"":0,""trueDamageTaken"":0},""goldPerSecond"":0,""jungleMinionsKilled"":0,""level"":7,""minionsKilled"":75,""participantId"":9,""position"":{""x'"
1446,"b'"":12151,""y"":2348},""timeEnemySpentControlled"":733,""totalGold"":5628,""xp"":3320},""10"":{""championStats"":{""abilityHaste"":0,""abilityPow'"
1447,"b'er"":10,""armor"":83,""armorPen"":0,""armorPenPercent"":0,""attackDamage"":69,""attackSpeed"":114,""bonusArmorPenPercent"":0,""bonusMagicPenPe'"
1448,"b'rcent"":0,""ccReduction"":0,""cooldownReduction"":0,""health"":1563,""healthMax"":1563,""healthRegen"":40,""lifesteal"":0,""magicPen"":0,""magic'"
1449,"b'PenPercent"":0,""magicResist"":63,""movementSpeed"":399,""omnivamp"":0,""physicalVamp"":0,""power"":567,""powerMax"":568,""powerRegen"":15,""spe'"
1450,"b'llVamp"":0},""currentGold"":111,""damageStats"":{""magicDamageDone"":2067,""magicDamageDoneToChampions"":802,""magicDamageTaken"":559,""phys'"
1451,"b'icalDamageDone"":1924,""physicalDamageDoneToChampions"":326,""physicalDamageTaken"":2208,""totalDamageDone"":9122,""totalDamageDoneToCha'"
1452,"b'mpions"":1275,""totalDamageTaken"":2856,""trueDamageDone"":5129,""trueDamageDoneToChampions"":146,""trueDamageTaken"":88},""goldPerSecond""'"
1453,"b':30,""jungleMinionsKilled"":0,""level"":7,""minionsKilled"":15,""participantId"":10,""position"":{""x"":13341,""y"":12399},""timeEnemySpentCont'"
1454,"b'rolled"":66540,""totalGold"":3516,""xp"":3586}},""timestamp"":660270},{""events"":[{""levelUpType"":""NORMAL"",""participantId"":8,""skillSlot"":'"
1455,"b'1,""timestamp"":661075,""type"":""SKILL_LEVEL_UP""},{""creatorId"":5,""timestamp"":667779,""type"":""WARD_PLACED"",""wardType"":""SIGHT_WARD""},{""'"
1456,"b'killerId"":8,""laneType"":""TOP_LANE"",""position"":{""x"":981,""y"":10441},""teamId"":100,""timestamp"":670088,""type"":""TURRET_PLATE_DESTROYED""'"
1457,"b'},{""killerId"":6,""laneType"":""MID_LANE"",""position"":{""x"":5846,""y"":6396},""teamId"":100,""timestamp"":671961,""type"":""TURRET_PLATE_DESTRO'"
1458,"b'YED""},{""creatorId"":7,""timestamp"":672960,""type"":""WARD_PLACED"",""wardType"":""UNDEFINED""},{""itemId"":2055,""participantId"":4,""timestamp'"
1459,"b'"":674960,""type"":""ITEM_DESTROYED""},{""creatorId"":4,""timestamp"":674960,""type"":""WARD_PLACED"",""wardType"":""CONTROL_WARD""},{""itemId"":38'"
1460,"b'02,""participantId"":2,""timestamp"":675860,""type"":""ITEM_DESTROYED""},{""itemId"":6653,""participantId"":2,""timestamp"":675860,""type"":""ITE'"
1461,"b'M_PURCHASED""},{""itemId"":2055,""participantId"":10,""timestamp"":677191,""type"":""ITEM_DESTROYED""},{""creatorId"":10,""timestamp"":677191,""'"
1462,"b'type"":""WARD_PLACED"",""wardType"":""CONTROL_WARD""},{""itemId"":2055,""participantId"":5,""timestamp"":680726,""type"":""ITEM_DESTROYED""},{""cr'"
1463,"b'eatorId"":5,""timestamp"":680726,""type"":""WARD_PLACED"",""wardType"":""CONTROL_WARD""},{""assistingParticipantIds"":[10],""bounty"":219,""kill'"
1464,"b'StreakLength"":5,""killerId"":9,""position"":{""x"":13927,""y"":3623},""shutdownBounty"":0,""timestamp"":688128,""type"":""CHAMPION_KILL"",""victi'"
1465,"b'mDamageDealt"":[{""basic"":false,""magicDamage"":23,""name"":""Aphelios"",""participantId"":9,""physicalDamage"":0,""spellName"":"""",""spellSlot""'"
1466,"b':-1,""trueDamage"":0,""type"":""OTHER""},{""basic"":false,""magicDamage"":85,""name"":""Aphelios"",""participantId"":9,""physicalDamage"":0,""spell'"
1467,"b'Name"":""apheliosgravitumq"",""spellSlot"":0,""trueDamage"":0,""type"":""OTHER""},{""basic"":false,""magicDamage"":0,""name"":""Aphelios"",""partici'"
1468,"b'pantId"":9,""physicalDamage"":220,""spellName"":""apheliosseverumq"",""spellSlot"":0,""trueDamage"":0,""type"":""OTHER""},{""basic"":false,""magic'"
1469,"b'Damage"":0,""name"":""Aphelios"",""participantId"":9,""physicalDamage"":60,""spellName"":"""",""spellSlot"":-1,""trueDamage"":0,""type"":""OTHER""},{'"
1470,"b'""basic"":false,""magicDamage"":4,""name"":""Aphelios"",""participantId"":10,""physicalDamage"":0,""spellName"":"""",""spellSlot"":-1,""trueDamage""'"
1471,"b':0,""type"":""OTHER""},{""basic"":false,""magicDamage"":4,""name"":""Aphelios"",""participantId"":10,""physicalDamage"":54,""spellName"":""aphelios'"
1472,"b'severumq"",""spellSlot"":0,""trueDamage"":0,""type"":""OTHER""}],""victimDamageReceived"":[{""basic"":true,""magicDamage"":0,""name"":""Samira"",""p'"
1473,"b'articipantId"":9,""physicalDamage"":309,""spellName"":""samirabasicattack"",""spellSlot"":64,""trueDamage"":0,""type"":""OTHER""},{""basic"":fals'"
1474,"b'e,""magicDamage"":18,""name"":""Samira"",""participantId"":9,""physicalDamage"":149,""spellName"":""samiraq"",""spellSlot"":0,""trueDamage"":0,""ty'"
1475,"b'pe"":""OTHER""},{""basic"":false,""magicDamage"":44,""name"":""Samira"",""participantId"":9,""physicalDamage"":150,""spellName"":""samiraw"",""spell'"
1476,"b'Slot"":1,""trueDamage"":0,""type"":""OTHER""},{""basic"":false,""magicDamage"":78,""name"":""Samira"",""participantId"":9,""physicalDamage"":0,""spe'"
1477,"b'llName"":""samirae"",""spellSlot"":2,""trueDamage"":0,""type"":""OTHER""},{""basic"":true,""magicDamage"":0,""name"":""Samira"",""participantId"":9,""'"
1478,"b'physicalDamage"":132,""spellName"":""samirabasicattack2"",""spellSlot"":65,""trueDamage"":0,""type"":""OTHER""},{""basic"":true,""magicDamage"":0'"
1479,"b',""name"":""Rell"",""participantId"":10,""physicalDamage"":92,""spellName"":""rellbasicattack2"",""spellSlot"":65,""trueDamage"":0,""type"":""OTHER'"
1480,"b'""},{""basic"":true,""magicDamage"":0,""name"":""Rell"",""participantId"":10,""physicalDamage"":46,""spellName"":""rellbasicattack"",""spellSlot"":'"
1481,"b'64,""trueDamage"":0,""type"":""OTHER""},{""basic"":true,""magicDamage"":0,""name"":""Turret"",""participantId"":0,""physicalDamage"":232,""spellNam'"
1482,"b'e"":""turretbasicattack"",""spellSlot"":64,""trueDamage"":0,""type"":""TOWER""}],""victimId"":4},{""itemId"":2055,""participantId"":4,""timestamp""'"
1483,"b':690294,""type"":""ITEM_PURCHASED""},{""itemId"":2003,""participantId"":4,""timestamp"":690527,""type"":""ITEM_PURCHASED""},{""level"":9,""partic'"
1484,"b'ipantId"":6,""timestamp"":691126,""type"":""LEVEL_UP""},{""levelUpType"":""NORMAL"",""participantId"":6,""skillSlot"":1,""timestamp"":695226,""typ'"
1485,"b'e"":""SKILL_LEVEL_UP""},{""creatorId"":7,""timestamp"":696092,""type"":""WARD_PLACED"",""wardType"":""UNDEFINED""},{""level"":8,""participantId"":1'"
1486,"b'0,""timestamp"":697260,""type"":""LEVEL_UP""},{""levelUpType"":""NORMAL"",""participantId"":10,""skillSlot"":2,""timestamp"":698462,""type"":""SKIL'"
1487,"b'L_LEVEL_UP""},{""assistingParticipantIds"":[8],""bounty"":300,""killStreakLength"":4,""killerId"":7,""position"":{""x"":1414,""y"":10453},""shut'"
1488,"b'downBounty"":0,""timestamp"":698661,""type"":""CHAMPION_KILL"",""victimDamageDealt"":[{""basic"":false,""magicDamage"":0,""name"":""Belveth"",""pa'"
1489,"b'rticipantId"":7,""physicalDamage"":36,""spellName"":"""",""spellSlot"":-1,""trueDamage"":0,""type"":""OTHER""},{""basic"":false,""magicDamage"":171'"
1490,"b',""name"":""Belveth"",""participantId"":8,""physicalDamage"":0,""spellName"":""belvethw"",""spellSlot"":1,""trueDamage"":0,""type"":""OTHER""},{""bas'"
1491,"b'ic"":false,""magicDamage"":0,""name"":""Belveth"",""participantId"":8,""physicalDamage"":95,""spellName"":""belvethq"",""spellSlot"":0,""trueDamag'"
1492,"b'e"":0,""type"":""OTHER""},{""basic"":false,""magicDamage"":0,""name"":""Belveth"",""participantId"":8,""physicalDamage"":85,""spellName"":""belvethe'"
1493,"b'"",""spellSlot"":2,""trueDamage"":0,""type"":""OTHER""}],""victimDamageReceived"":[{""basic"":true,""magicDamage"":0,""name"":""SRU_ChaosMinionMel'"
1494,"b'ee"",""participantId"":0,""physicalDamage"":5,""spellName"":""sru_chaosminionmeleebasicattack"",""spellSlot"":64,""trueDamage"":0,""type"":""MIN'"
1495,"b'ION""},{""basic"":false,""magicDamage"":125,""name"":""Nidalee"",""participantId"":7,""physicalDamage"":0,""spellName"":"""",""spellSlot"":-1,""true'"
1496,"b'Damage"":0,""type"":""OTHER""},{""basic"":false,""magicDamage"":0,""name"":""Nidalee"",""participantId"":7,""physicalDamage"":0,""spellName"":""s5_s'"
1497,"b'ummonersmiteplayerganker"",""spellSlot"":5,""trueDamage"":77,""type"":""OTHER""},{""basic"":false,""magicDamage"":358,""name"":""Nidalee"",""parti'"
1498,"b'cipantId"":7,""physicalDamage"":0,""spellName"":""swipe"",""spellSlot"":2,""trueDamage"":0,""type"":""OTHER""},{""basic"":false,""magicDamage"":195'"
1499,"b',""name"":""Nidalee"",""participantId"":7,""physicalDamage"":0,""spellName"":""takedown"",""spellSlot"":0,""trueDamage"":0,""type"":""OTHER""},{""bas'"
1500,"b'ic"":true,""magicDamage"":0,""name"":""Nidalee"",""participantId"":7,""physicalDamage"":49,""spellName"":""nidaleecougarbasicattack"",""spellSlo'"
1501,"b't"":64,""trueDamage"":0,""type"":""OTHER""},{""basic"":false,""magicDamage"":111,""name"":""Nidalee"",""participantId"":7,""physicalDamage"":0,""spe'"
1502,"b'llName"":"""",""spellSlot"":-1,""trueDamage"":0,""type"":""OTHER""},{""basic"":false,""magicDamage"":0,""name"":""Qiyana"",""participantId"":8,""physi'"
1503,"b'calDamage"":55,""spellName"":""qiyanae"",""spellSlot"":2,""trueDamage"":0,""type"":""OTHER""},{""basic"":false,""magicDamage"":0,""name"":""Qiyana"",'"
1504,"b'""participantId"":8,""physicalDamage"":58,""spellName"":""qiyanapassive"",""spellSlot"":63,""trueDamage"":0,""type"":""OTHER""},{""basic"":false,""'"
1505,"b'magicDamage"":47,""name"":""Qiyana"",""participantId"":8,""physicalDamage"":0,""spellName"":""qiyanaw"",""spellSlot"":1,""trueDamage"":0,""type"":""'"
1506,"b'OTHER""},{""basic"":false,""magicDamage"":0,""name"":""Qiyana"",""participantId"":8,""physicalDamage"":158,""spellName"":""qiyanaq_water"",""spell'"
1507,"b'Slot"":0,""trueDamage"":0,""type"":""OTHER""},{""basic"":false,""magicDamage"":0,""name"":""Qiyana"",""participantId"":8,""physicalDamage"":78,""spe'"
1508,"b'llName"":""qiyanaq_rock"",""spellSlot"":0,""trueDamage"":0,""type"":""OTHER""},{""basic"":true,""magicDamage"":0,""name"":""Qiyana"",""participantId'"
1509,"b'"":8,""physicalDamage"":32,""spellName"":""qiyanabasicattack"",""spellSlot"":64,""trueDamage"":0,""type"":""OTHER""}],""victimId"":1},{""creatorId'"
1510,"b'"":9,""timestamp"":701763,""type"":""WARD_PLACED"",""wardType"":""YELLOW_TRINKET""},{""killerId"":10,""timestamp"":705760,""type"":""WARD_KILL"",""w'"
1511,"b'ardType"":""CONTROL_WARD""},{""creatorId"":6,""timestamp"":709426,""type"":""WARD_PLACED"",""wardType"":""YELLOW_TRINKET""},{""creatorId"":7,""tim'"
1512,"b'estamp"":712224,""type"":""WARD_PLACED"",""wardType"":""UNDEFINED""},{""creatorId"":10,""timestamp"":712257,""type"":""WARD_PLACED"",""wardType"":""'"
1513,"b'SIGHT_WARD""},{""itemId"":2055,""participantId"":10,""timestamp"":715028,""type"":""ITEM_DESTROYED""},{""creatorId"":10,""timestamp"":715028,""t'"
1514,"b'ype"":""WARD_PLACED"",""wardType"":""CONTROL_WARD""},{""killerId"":8,""laneType"":""TOP_LANE"",""position"":{""x"":981,""y"":10441},""teamId"":100,""t'"
1515,"b'imestamp"":716299,""type"":""TURRET_PLATE_DESTROYED""},{""itemId"":3134,""participantId"":9,""timestamp"":717630,""type"":""ITEM_PURCHASED""},{'"
1516,"b'""itemId"":1037,""participantId"":9,""timestamp"":718829,""type"":""ITEM_PURCHASED""},{""itemId"":1018,""participantId"":9,""timestamp"":719524,'"
1517,"b'""type"":""ITEM_PURCHASED""}],""participantFrames"":{""1"":{""championStats"":{""abilityHaste"":0,""abilityPower"":0,""armor"":65,""armorPen"":0,""'"
1518,"b'armorPenPercent"":0,""attackDamage"":129,""attackSpeed"":113,""bonusArmorPenPercent"":0,""bonusMagicPenPercent"":0,""ccReduction"":25,""cool'"
1519,"b'downReduction"":0,""health"":0,""healthMax"":1261,""healthRegen"":26,""lifesteal"":0,""magicPen"":0,""magicPenPercent"":0,""magicResist"":43,""m'"
1520,"b'ovementSpeed"":340,""omnivamp"":0,""physicalVamp"":0,""power"":0,""powerMax"":60,""powerRegen"":0,""spellVamp"":0},""currentGold"":334,""damageS'"
1521,"b'tats"":{""magicDamageDone"":10536,""magicDamageDoneToChampions"":1239,""magicDamageTaken"":2400,""physicalDamageDone"":17891,""physicalDam'"
1522,"b'ageDoneToChampions"":2289,""physicalDamageTaken"":4938,""totalDamageDone"":29014,""totalDamageDoneToChampions"":3529,""totalDamageTaken""'"
1523,"b':7805,""trueDamageDone"":586,""trueDamageDoneToChampions"":0,""trueDamageTaken"":465},""goldPerSecond"":0,""jungleMinionsKilled"":1,""level'"
1524,"b'"":8,""minionsKilled"":65,""participantId"":1,""position"":{""x"":1414,""y"":10453},""timeEnemySpentControlled"":133680,""totalGold"":3359,""xp""'"
1525,"b':4894},""2"":{""championStats"":{""abilityHaste"":0,""abilityPower"":93,""armor"":55,""armorPen"":0,""armorPenPercent"":0,""attackDamage"":77,""a'"
1526,"b'ttackSpeed"":136,""bonusArmorPenPercent"":0,""bonusMagicPenPercent"":0,""ccReduction"":0,""cooldownReduction"":0,""health"":1109,""healthMax'"
1527,"b'"":1109,""healthRegen"":22,""lifesteal"":0,""magicPen"":0,""magicPenPercent"":0,""magicResist"":41,""movementSpeed"":345,""omnivamp"":0,""physic'"
1528,"b'alVamp"":0,""power"":1025,""powerMax"":1090,""powerRegen"":27,""spellVamp"":0},""currentGold"":257,""damageStats"":{""magicDamageDone"":24300,""'"
1529,"b'magicDamageDoneToChampions"":568,""magicDamageTaken"":2073,""physicalDamageDone"":19483,""physicalDamageDoneToChampions"":517,""physical'"
1530,"b'DamageTaken"":4695,""totalDamageDone"":56681,""totalDamageDoneToChampions"":1112,""totalDamageTaken"":6769,""trueDamageDone"":12897,""true'"
1531,"b'DamageDoneToChampions"":26,""trueDamageTaken"":0},""goldPerSecond"":0,""jungleMinionsKilled"":64,""level"":7,""minionsKilled"":9,""participa'"
1532,"b'ntId"":2,""position"":{""x"":7688,""y"":2492},""timeEnemySpentControlled"":299854,""totalGold"":3972,""xp"":3989},""3"":{""championStats"":{""abil'"
1533,"b'ityHaste"":0,""abilityPower"":0,""armor"":79,""armorPen"":0,""armorPenPercent"":10,""attackDamage"":180,""attackSpeed"":130,""bonusArmorPenPer'"
1534,"b'cent"":0,""bonusMagicPenPercent"":0,""ccReduction"":0,""cooldownReduction"":0,""health"":1030,""healthMax"":1384,""healthRegen"":79,""lifestea'"
1535,"b'l"":0,""magicPen"":0,""magicPenPercent"":0,""magicResist"":41,""movementSpeed"":377,""omnivamp"":0,""physicalVamp"":0,""power"":616,""powerMax"":'"
1536,"b'645,""powerRegen"":64,""spellVamp"":0},""currentGold"":355,""damageStats"":{""magicDamageDone"":695,""magicDamageDoneToChampions"":70,""magic'"
1537,"b'DamageTaken"":997,""physicalDamageDone"":35540,""physicalDamageDoneToChampions"":2881,""physicalDamageTaken"":4852,""totalDamageDone"":36'"
1538,"b'479,""totalDamageDoneToChampions"":3196,""totalDamageTaken"":5850,""trueDamageDone"":244,""trueDamageDoneToChampions"":244,""trueDamageTa'"
1539,"b'ken"":0},""goldPerSecond"":0,""jungleMinionsKilled"":0,""level"":9,""minionsKilled"":87,""participantId"":3,""position"":{""x"":7396,""y"":7225},'"
1540,"b'""timeEnemySpentControlled"":5340,""totalGold"":4235,""xp"":5636},""4"":{""championStats"":{""abilityHaste"":0,""abilityPower"":0,""armor"":52,""'"
1541,"b'armorPen"":0,""armorPenPercent"":0,""attackDamage"":146,""attackSpeed"":203,""bonusArmorPenPercent"":0,""bonusMagicPenPercent"":0,""ccReduct'"
1542,"b'ion"":0,""cooldownReduction"":0,""health"":1074,""healthMax"":1074,""healthRegen"":11,""lifesteal"":1,""magicPen"":0,""magicPenPercent"":0,""mag'"
1543,"b'icResist"":36,""movementSpeed"":370,""omnivamp"":0,""physicalVamp"":0,""power"":551,""powerMax"":551,""powerRegen"":16,""spellVamp"":0},""curren'"
1544,"b'tGold"":167,""damageStats"":{""magicDamageDone"":526,""magicDamageDoneToChampions"":227,""magicDamageTaken"":752,""physicalDamageDone"":228'"
1545,"b'58,""physicalDamageDoneToChampions"":2604,""physicalDamageTaken"":3005,""totalDamageDone"":23385,""totalDamageDoneToChampions"":2832,""to'"
1546,"b'talDamageTaken"":3904,""trueDamageDone"":0,""trueDamageDoneToChampions"":0,""trueDamageTaken"":146},""goldPerSecond"":0,""jungleMinionsKil'"
1547,"b'led"":0,""level"":7,""minionsKilled"":94,""participantId"":4,""position"":{""x"":5541,""y"":977},""timeEnemySpentControlled"":52161,""totalGold""'"
1548,"b':3972,""xp"":3672},""5"":{""championStats"":{""abilityHaste"":0,""abilityPower"":19,""armor"":84,""armorPen"":0,""armorPenPercent"":0,""attackDam'"
1549,"b'age"":76,""attackSpeed"":113,""bonusArmorPenPercent"":0,""bonusMagicPenPercent"":0,""ccReduction"":10,""cooldownReduction"":0,""health"":1074'"
1550,"b',""healthMax"":1324,""healthRegen"":32,""lifesteal"":0,""magicPen"":0,""magicPenPercent"":0,""magicResist"":35,""movementSpeed"":375,""omnivamp'"
1551,"b'"":0,""physicalVamp"":0,""power"":341,""powerMax"":567,""powerRegen"":18,""spellVamp"":0},""currentGold"":350,""damageStats"":{""magicDamageDone'"
1552,"b'"":3037,""magicDamageDoneToChampions"":1073,""magicDamageTaken"":1229,""physicalDamageDone"":2588,""physicalDamageDoneToChampions"":558,""'"
1553,"b'physicalDamageTaken"":2874,""totalDamageDone"":7562,""totalDamageDoneToChampions"":1719,""totalDamageTaken"":4103,""trueDamageDone"":1935'"
1554,"b',""trueDamageDoneToChampions"":88,""trueDamageTaken"":0},""goldPerSecond"":30,""jungleMinionsKilled"":0,""level"":6,""minionsKilled"":16,""pa'"
1555,"b'rticipantId"":5,""position"":{""x"":11451,""y"":1357},""timeEnemySpentControlled"":33893,""totalGold"":3005,""xp"":2769},""6"":{""championStats""'"
1556,"b':{""abilityHaste"":0,""abilityPower"":0,""armor"":80,""armorPen"":0,""armorPenPercent"":0,""attackDamage"":138,""attackSpeed"":154,""bonusArmor'"
1557,"b'PenPercent"":0,""bonusMagicPenPercent"":0,""ccReduction"":0,""cooldownReduction"":0,""health"":1102,""healthMax"":1410,""healthRegen"":16,""li'"
1558,"b'festeal"":7,""magicPen"":0,""magicPenPercent"":0,""magicResist"":38,""movementSpeed"":511,""omnivamp"":2,""physicalVamp"":0,""power"":299,""powe'"
1559,"b'rMax"":619,""powerRegen"":57,""spellVamp"":0},""currentGold"":640,""damageStats"":{""magicDamageDone"":2226,""magicDamageDoneToChampions"":58'"
1560,"b'6,""magicDamageTaken"":783,""physicalDamageDone"":30195,""physicalDamageDoneToChampions"":3776,""physicalDamageTaken"":4214,""totalDamage'"
1561,"b'Done"":33392,""totalDamageDoneToChampions"":4703,""totalDamageTaken"":5025,""trueDamageDone"":970,""trueDamageDoneToChampions"":340,""true'"
1562,"b'DamageTaken"":26},""goldPerSecond"":0,""jungleMinionsKilled"":0,""level"":9,""minionsKilled"":88,""participantId"":6,""position"":{""x"":7264,""'"
1563,"b'y"":7735},""timeEnemySpentControlled"":0,""totalGold"":4105,""xp"":5256},""7"":{""championStats"":{""abilityHaste"":0,""abilityPower"":183,""arm'"
1564,"b'or"":66,""armorPen"":0,""armorPenPercent"":0,""attackDamage"":78,""attackSpeed"":166,""bonusArmorPenPercent"":0,""bonusMagicPenPercent"":0,""c'"
1565,"b'cReduction"":0,""cooldownReduction"":0,""health"":1152,""healthMax"":1579,""healthRegen"":18,""lifesteal"":0,""magicPen"":18,""magicPenPercent'"
1566,"b'"":0,""magicResist"":37,""movementSpeed"":496,""omnivamp"":0,""physicalVamp"":0,""power"":276,""powerMax"":554,""powerRegen"":21,""spellVamp"":0}'"
1567,"b',""currentGold"":634,""damageStats"":{""magicDamageDone"":45924,""magicDamageDoneToChampions"":3398,""magicDamageTaken"":415,""physicalDama'"
1568,"b'geDone"":9205,""physicalDamageDoneToChampions"":443,""physicalDamageTaken"":7223,""totalDamageDone"":72619,""totalDamageDoneToChampions""'"
1569,"b':3968,""totalDamageTaken"":7768,""trueDamageDone"":17489,""trueDamageDoneToChampions"":125,""trueDamageTaken"":130},""goldPerSecond"":0,""j'"
1570,"b'ungleMinionsKilled"":78,""level"":8,""minionsKilled"":3,""participantId"":7,""position"":{""x"":6698,""y"":7860},""timeEnemySpentControlled"":1'"
1571,"b'31698,""totalGold"":5934,""xp"":4932},""8"":{""championStats"":{""abilityHaste"":0,""abilityPower"":0,""armor"":65,""armorPen"":0,""armorPenPerce'"
1572,"b'nt"":0,""attackDamage"":162,""attackSpeed"":131,""bonusArmorPenPercent"":0,""bonusMagicPenPercent"":0,""ccReduction"":17,""cooldownReduction'"
1573,"b'"":0,""health"":1125,""healthMax"":1464,""healthRegen"":24,""lifesteal"":0,""magicPen"":0,""magicPenPercent"":0,""magicResist"":45,""movementSpe'"
1574,"b'ed"":360,""omnivamp"":0,""physicalVamp"":0,""power"":754,""powerMax"":1110,""powerRegen"":25,""spellVamp"":0},""currentGold"":1478,""damageStats'"
1575,"b'"":{""magicDamageDone"":2446,""magicDamageDoneToChampions"":356,""magicDamageTaken"":367,""physicalDamageDone"":36502,""physicalDamageDone'"
1576,"b'ToChampions"":4660,""physicalDamageTaken"":3617,""totalDamageDone"":38949,""totalDamageDoneToChampions"":5016,""totalDamageTaken"":4098,""'"
1577,"b'trueDamageDone"":0,""trueDamageDoneToChampions"":0,""trueDamageTaken"":114},""goldPerSecond"":0,""jungleMinionsKilled"":0,""level"":9,""mini'"
1578,"b'onsKilled"":79,""participantId"":8,""position"":{""x"":1531,""y"":10763},""timeEnemySpentControlled"":36652,""totalGold"":4953,""xp"":5720},""9""'"
1579,"b':{""championStats"":{""abilityHaste"":0,""abilityPower"":0,""armor"":54,""armorPen"":0,""armorPenPercent"":0,""attackDamage"":209,""attackSpeed'"
1580,"b'"":133,""bonusArmorPenPercent"":0,""bonusMagicPenPercent"":0,""ccReduction"":0,""cooldownReduction"":0,""health"":1203,""healthMax"":1203,""he'"
1581,"b'althRegen"":11,""lifesteal"":3,""magicPen"":0,""magicPenPercent"":0,""magicResist"":36,""movementSpeed"":335,""omnivamp"":2,""physicalVamp"":0,'"
1582,"b'""power"":412,""powerMax"":533,""powerRegen"":23,""spellVamp"":0},""currentGold"":32,""damageStats"":{""magicDamageDone"":2768,""magicDamageDon'"
1583,"b'eToChampions"":977,""magicDamageTaken"":1045,""physicalDamageDone"":24358,""physicalDamageDoneToChampions"":4266,""physicalDamageTaken"":'"
1584,"b'2007,""totalDamageDone"":27126,""totalDamageDoneToChampions"":5243,""totalDamageTaken"":3053,""trueDamageDone"":0,""trueDamageDoneToChamp'"
1585,"b'ions"":0,""trueDamageTaken"":0},""goldPerSecond"":0,""jungleMinionsKilled"":0,""level"":7,""minionsKilled"":85,""participantId"":9,""position""'"
1586,"b':{""x"":14352,""y"":13738},""timeEnemySpentControlled"":733,""totalGold"":6222,""xp"":3841},""10"":{""championStats"":{""abilityHaste"":0,""abili'"
1587,"b'tyPower"":25,""armor"":87,""armorPen"":0,""armorPenPercent"":0,""attackDamage"":72,""attackSpeed"":116,""bonusArmorPenPercent"":0,""bonusMagic'"
1588,"b'PenPercent"":0,""ccReduction"":0,""cooldownReduction"":0,""health"":1660,""healthMax"":1660,""healthRegen"":43,""lifesteal"":0,""magicPen"":0,""'"
1589,"b'magicPenPercent"":0,""magicResist"":65,""movementSpeed"":528,""omnivamp"":0,""physicalVamp"":0,""power"":441,""powerMax"":609,""powerRegen"":16'"
1590,"b',""spellVamp"":0},""currentGold"":511,""damageStats"":{""magicDamageDone"":2542,""magicDamageDoneToChampions"":802,""magicDamageTaken"":568,'"
1591,"b'""physicalDamageDone"":2365,""physicalDamageDoneToChampions"":464,""physicalDamageTaken"":2274,""totalDamageDone"":11280,""totalDamageDon'"
1592,"b'eToChampions"":1413,""totalDamageTaken"":2930,""trueDamageDone"":6373,""trueDamageDoneToChampions"":146,""trueDamageTaken"":88},""goldPerS'"
1593,"b'econd"":30,""jungleMinionsKilled"":0,""level"":8,""minionsKilled"":19,""participantId"":10,""position"":{""x"":7834,""y"":6566},""timeEnemySpent'"
1594,"b'Controlled"":70338,""totalGold"":3921,""xp"":4146}},""timestamp"":720293},{""events"":[{""assistingParticipantIds"":[7,10],""bounty"":300,""ki'"
1595,"b'llStreakLength"":0,""killerId"":6,""position"":{""x"":7452,""y"":6959},""shutdownBounty"":0,""timestamp"":723134,""type"":""CHAMPION_KILL"",""vict'"
1596,"b'imDamageDealt"":[{""basic"":false,""magicDamage"":0,""name"":""Pantheon"",""participantId"":6,""physicalDamage"":317,""spellName"":""pantheonq"",'"
1597,"b'""spellSlot"":0,""trueDamage"":0,""type"":""OTHER""},{""basic"":false,""magicDamage"":1,""name"":""Pantheon"",""participantId"":6,""physicalDamage""'"
1598,"b':0,""spellName"":""itemdarkcrystalflask"",""spellSlot"":6,""trueDamage"":0,""type"":""OTHER""},{""basic"":true,""magicDamage"":0,""name"":""Pantheo'"
1599,"b'n"",""participantId"":10,""physicalDamage"":111,""spellName"":""pantheonbasicattack2"",""spellSlot"":65,""trueDamage"":0,""type"":""OTHER""},{""ba'"
1600,"b'sic"":false,""magicDamage"":3,""name"":""Pantheon"",""participantId"":10,""physicalDamage"":0,""spellName"":""itemdarkcrystalflask"",""spellSlot'"
1601,"b'"":6,""trueDamage"":0,""type"":""OTHER""}],""victimDamageReceived"":[{""basic"":true,""magicDamage"":0,""name"":""SRU_ChaosMinionMelee"",""partici'"
1602,"b'pantId"":0,""physicalDamage"":36,""spellName"":""sru_chaosminionrangedbasicattack"",""spellSlot"":64,""trueDamage"":0,""type"":""MINION""},{""ba'"
1603,"b'sic"":true,""magicDamage"":0,""name"":""SRU_ChaosMinionMelee"",""participantId"":0,""physicalDamage"":36,""spellName"":""sru_chaosminionmeleeb'"
1604,"b'asicattack"",""spellSlot"":64,""trueDamage"":0,""type"":""MINION""},{""basic"":false,""magicDamage"":20,""name"":""Akshan"",""participantId"":6,""ph'"
1605,"b'ysicalDamage"":0,""spellName"":"""",""spellSlot"":-1,""trueDamage"":0,""type"":""OTHER""},{""basic"":true,""magicDamage"":0,""name"":""Akshan"",""part'"
1606,"b'icipantId"":6,""physicalDamage"":310,""spellName"":""akshanbasicattack"",""spellSlot"":64,""trueDamage"":0,""type"":""OTHER""},{""basic"":false,""'"
1607,"b'magicDamage"":117,""name"":""Akshan"",""participantId"":6,""physicalDamage"":0,""spellName"":""akshanpassive"",""spellSlot"":63,""trueDamage"":0,'"
1608,"b'""type"":""OTHER""},{""basic"":true,""magicDamage"":0,""name"":""Akshan"",""participantId"":6,""physicalDamage"":116,""spellName"":""akshanpassive""'"
1609,"b',""spellSlot"":63,""trueDamage"":0,""type"":""OTHER""},{""basic"":false,""magicDamage"":0,""name"":""Akshan"",""participantId"":6,""physicalDamage""'"
1610,"b':218,""spellName"":""akshanq"",""spellSlot"":0,""trueDamage"":0,""type"":""OTHER""},{""basic"":false,""magicDamage"":46,""name"":""Rell"",""participa'"
1611,"b'ntId"":10,""physicalDamage"":0,""spellName"":""rellq"",""spellSlot"":0,""trueDamage"":0,""type"":""OTHER""},{""basic"":false,""magicDamage"":72,""na'"
1612,"b'me"":""Rell"",""participantId"":10,""physicalDamage"":0,""spellName"":""relle"",""spellSlot"":2,""trueDamage"":0,""type"":""OTHER""},{""basic"":false'"
1613,"b',""magicDamage"":68,""name"":""Rell"",""participantId"":10,""physicalDamage"":0,""spellName"":""rellw_dismount"",""spellSlot"":1,""trueDamage"":0,'"
1614,"b'""type"":""OTHER""},{""basic"":false,""magicDamage"":123,""name"":""Nidalee"",""participantId"":7,""physicalDamage"":0,""spellName"":"""",""spellSlot'"
1615,"b'"":-1,""trueDamage"":0,""type"":""OTHER""},{""basic"":true,""magicDamage"":0,""name"":""Nidalee"",""participantId"":7,""physicalDamage"":44,""spellN'"
1616,"b'ame"":""nidaleebasicattack2"",""spellSlot"":65,""trueDamage"":0,""type"":""OTHER""},{""basic"":false,""magicDamage"":265,""name"":""Nidalee"",""part'"
1617,"b'icipantId"":7,""physicalDamage"":0,""spellName"":""takedown"",""spellSlot"":0,""trueDamage"":0,""type"":""OTHER""}],""victimId"":3},{""level"":9,""p'"
1618,"b'articipantId"":7,""timestamp"":723134,""type"":""LEVEL_UP""},{""levelUpType"":""NORMAL"",""participantId"":7,""skillSlot"":1,""timestamp"":723834'"
1619,"b',""type"":""SKILL_LEVEL_UP""},{""creatorId"":7,""timestamp"":727260,""type"":""WARD_PLACED"",""wardType"":""UNDEFINED""},{""itemId"":1036,""partici'"
1620,"b'pantId"":1,""timestamp"":728422,""type"":""ITEM_PURCHASED""},{""creatorId"":10,""timestamp"":731366,""type"":""WARD_PLACED"",""wardType"":""SIGHT_'"
1621,"b'WARD""},{""itemId"":1036,""participantId"":3,""timestamp"":732105,""type"":""ITEM_PURCHASED""},{""level"":7,""participantId"":5,""timestamp"":733'"
1622,"b'144,""type"":""LEVEL_UP""},{""level"":8,""participantId"":2,""timestamp"":735110,""type"":""LEVEL_UP""},{""levelUpType"":""NORMAL"",""participantId'"
1623,"b'"":2,""skillSlot"":2,""timestamp"":736176,""type"":""SKILL_LEVEL_UP""},{""killerId"":6,""laneType"":""MID_LANE"",""position"":{""x"":5846,""y"":6396}'"
1624,"b',""teamId"":100,""timestamp"":736477,""type"":""TURRET_PLATE_DESTROYED""},{""levelUpType"":""NORMAL"",""participantId"":5,""skillSlot"":1,""times'"
1625,"b'tamp"":736544,""type"":""SKILL_LEVEL_UP""},{""killerId"":8,""laneType"":""TOP_LANE"",""position"":{""x"":981,""y"":10441},""teamId"":100,""timestamp'"
1626,"b'"":737674,""type"":""TURRET_PLATE_DESTROYED""},{""killerId"":7,""timestamp"":739572,""type"":""WARD_KILL"",""wardType"":""CONTROL_WARD""},{""itemI'"
1627,"b'd"":2055,""participantId"":4,""timestamp"":741072,""type"":""ITEM_DESTROYED""},{""creatorId"":4,""timestamp"":741072,""type"":""WARD_PLACED"",""wa'"
1628,"b'rdType"":""CONTROL_WARD""},{""creatorId"":7,""timestamp"":741637,""type"":""WARD_PLACED"",""wardType"":""UNDEFINED""},{""killerId"":4,""timestamp""'"
1629,"b':745276,""type"":""WARD_KILL"",""wardType"":""UNDEFINED""},{""itemId"":2003,""participantId"":4,""timestamp"":753248,""type"":""ITEM_DESTROYED""},'"
1630,"b'{""creatorId"":5,""timestamp"":754213,""type"":""WARD_PLACED"",""wardType"":""SIGHT_WARD""},{""assistingParticipantIds"":[7,10],""bounty"":175,""'"
1631,"b'killStreakLength"":6,""killerId"":9,""position"":{""x"":11699,""y"":2090},""shutdownBounty"":0,""timestamp"":754379,""type"":""CHAMPION_KILL"",""v'"
1632,"b'ictimDamageDealt"":[{""basic"":false,""magicDamage"":0,""name"":""Aphelios"",""participantId"":7,""physicalDamage"":171,""spellName"":""aphelios'"
1633,"b'w"",""spellSlot"":1,""trueDamage"":0,""type"":""OTHER""},{""basic"":false,""magicDamage"":85,""name"":""Aphelios"",""participantId"":7,""physicalDam'"
1634,"b'age"":0,""spellName"":"""",""spellSlot"":-1,""trueDamage"":0,""type"":""OTHER""},{""basic"":false,""magicDamage"":0,""name"":""Aphelios"",""participan'"
1635,"b'tId"":7,""physicalDamage"":583,""spellName"":""apheliosseverumq"",""spellSlot"":0,""trueDamage"":0,""type"":""OTHER""},{""basic"":false,""magicDam'"
1636,"b'age"":0,""name"":""Aphelios"",""participantId"":7,""physicalDamage"":57,""spellName"":"""",""spellSlot"":-1,""trueDamage"":0,""type"":""OTHER""},{""ba'"
1637,"b'sic"":false,""magicDamage"":0,""name"":""Aphelios"",""participantId"":7,""physicalDamage"":236,""spellName"":""apheliosr"",""spellSlot"":3,""trueD'"
1638,"b'amage"":0,""type"":""OTHER""},{""basic"":false,""magicDamage"":0,""name"":""Aphelios"",""participantId"":10,""physicalDamage"":67,""spellName"":""ap'"
1639,"b'heliosseverumq"",""spellSlot"":0,""trueDamage"":0,""type"":""OTHER""},{""basic"":false,""magicDamage"":0,""name"":""Aphelios"",""participantId"":10'"
1640,"b',""physicalDamage"":59,""spellName"":""apheliosr"",""spellSlot"":3,""trueDamage"":0,""type"":""OTHER""}],""victimDamageReceived"":[{""basic"":fals'"
1641,"b'e,""magicDamage"":137,""name"":""Nidalee"",""participantId"":7,""physicalDamage"":0,""spellName"":"""",""spellSlot"":-1,""trueDamage"":0,""type"":""O'"
1642,"b'THER""},{""basic"":false,""magicDamage"":32,""name"":""Nidalee"",""participantId"":7,""physicalDamage"":0,""spellName"":""swipe"",""spellSlot"":2,""'"
1643,"b'trueDamage"":0,""type"":""OTHER""},{""basic"":false,""magicDamage"":175,""name"":""Nidalee"",""participantId"":7,""physicalDamage"":0,""spellName""'"
1644,"b':""takedown"",""spellSlot"":0,""trueDamage"":0,""type"":""OTHER""},{""basic"":true,""magicDamage"":0,""name"":""Nidalee"",""participantId"":7,""physi'"
1645,"b'calDamage"":56,""spellName"":""nidaleebasicattack2"",""spellSlot"":65,""trueDamage"":0,""type"":""OTHER""},{""basic"":true,""magicDamage"":0,""nam'"
1646,"b'e"":""Nidalee"",""participantId"":7,""physicalDamage"":57,""spellName"":""nidaleecougarbasicattack"",""spellSlot"":64,""trueDamage"":0,""type"":""'"
1647,"b'OTHER""},{""basic"":false,""magicDamage"":216,""name"":""Nidalee"",""participantId"":7,""physicalDamage"":0,""spellName"":""javelintoss"",""spellS'"
1648,"b'lot"":0,""trueDamage"":0,""type"":""OTHER""},{""basic"":false,""magicDamage"":128,""name"":""Nidalee"",""participantId"":7,""physicalDamage"":0,""sp'"
1649,"b'ellName"":"""",""spellSlot"":-1,""trueDamage"":0,""type"":""OTHER""},{""basic"":false,""magicDamage"":48,""name"":""Rell"",""participantId"":10,""phys'"
1650,"b'icalDamage"":0,""spellName"":""rellq"",""spellSlot"":0,""trueDamage"":0,""type"":""OTHER""},{""basic"":false,""magicDamage"":68,""name"":""Rell"",""pa'"
1651,"b'rticipantId"":10,""physicalDamage"":0,""spellName"":""relle"",""spellSlot"":2,""trueDamage"":0,""type"":""OTHER""},{""basic"":true,""magicDamage"":'"
1652,"b'0,""name"":""Rell"",""participantId"":10,""physicalDamage"":5,""spellName"":""rellbasicattack2"",""spellSlot"":65,""trueDamage"":0,""type"":""OTHER'"
1653,"b'""},{""basic"":false,""magicDamage"":62,""name"":""Rell"",""participantId"":10,""physicalDamage"":0,""spellName"":""rellr"",""spellSlot"":3,""trueDa'"
1654,"b'mage"":0,""type"":""OTHER""},{""basic"":false,""magicDamage"":72,""name"":""Rell"",""participantId"":10,""physicalDamage"":0,""spellName"":""rellw_d'"
1655,"b'ismount"",""spellSlot"":1,""trueDamage"":0,""type"":""OTHER""},{""basic"":true,""magicDamage"":0,""name"":""Rell"",""participantId"":10,""physicalDa'"
1656,"b'mage"":49,""spellName"":""rellbasicattack"",""spellSlot"":64,""trueDamage"":0,""type"":""OTHER""},{""basic"":false,""magicDamage"":109,""name"":""Sa'"
1657,"b'mira"",""participantId"":9,""physicalDamage"":0,""spellName"":""samirae"",""spellSlot"":2,""trueDamage"":0,""type"":""OTHER""}],""victimId"":4},{""l'"
1658,"b'evel"":10,""participantId"":8,""timestamp"":756515,""type"":""LEVEL_UP""},{""levelUpType"":""NORMAL"",""participantId"":8,""skillSlot"":2,""timest'"
1659,"b'amp"":757147,""type"":""SKILL_LEVEL_UP""},{""assistingParticipantIds"":[7,10],""bounty"":219,""killStreakLength"":7,""killerId"":9,""position""'"
1660,"b':{""x"":11700,""y"":1849},""shutdownBounty"":0,""timestamp"":757147,""type"":""CHAMPION_KILL"",""victimDamageDealt"":[{""basic"":false,""magicDam'"
1661,"b'age"":64,""name"":""Thresh"",""participantId"":7,""physicalDamage"":0,""spellName"":""threshe"",""spellSlot"":2,""trueDamage"":0,""type"":""OTHER""}]'"
1662,"b',""victimDamageReceived"":[{""basic"":false,""magicDamage"":137,""name"":""Nidalee"",""participantId"":7,""physicalDamage"":0,""spellName"":"""",""'"
1663,"b'spellSlot"":-1,""trueDamage"":0,""type"":""OTHER""},{""basic"":false,""magicDamage"":761,""name"":""Nidalee"",""participantId"":7,""physicalDamage'"
1664,"b'"":0,""spellName"":""javelintoss"",""spellSlot"":0,""trueDamage"":0,""type"":""OTHER""},{""basic"":false,""magicDamage"":0,""name"":""Nidalee"",""part'"
1665,"b'icipantId"":7,""physicalDamage"":0,""spellName"":""s5_summonersmiteplayerganker"",""spellSlot"":5,""trueDamage"":85,""type"":""OTHER""},{""basic'"
1666,"b'"":false,""magicDamage"":25,""name"":""Samira"",""participantId"":9,""physicalDamage"":9,""spellName"":""samiraw"",""spellSlot"":1,""trueDamage"":0'"
1667,"b',""type"":""OTHER""},{""basic"":true,""magicDamage"":0,""name"":""Samira"",""participantId"":9,""physicalDamage"":134,""spellName"":""samirapassive'"
1668,"b'"",""spellSlot"":63,""trueDamage"":0,""type"":""OTHER""},{""basic"":false,""magicDamage"":93,""name"":""Samira"",""participantId"":9,""physicalDamag'"
1669,"b'e"":0,""spellName"":""samirae"",""spellSlot"":2,""trueDamage"":0,""type"":""OTHER""},{""basic"":true,""magicDamage"":0,""name"":""Samira"",""participa'"
1670,"b'ntId"":9,""physicalDamage"":135,""spellName"":""samirabasicattack"",""spellSlot"":64,""trueDamage"":0,""type"":""OTHER""}],""victimId"":5},{""kill'"
1671,"b'Type"":""KILL_MULTI"",""killerId"":9,""multiKillLength"":2,""position"":{""x"":11563,""y"":1543},""timestamp"":757147,""type"":""CHAMPION_SPECIAL_'"
1672,"b'KILL""},{""level"":8,""participantId"":9,""timestamp"":757147,""type"":""LEVEL_UP""},{""itemId"":2055,""participantId"":7,""timestamp"":758181,""t'"
1673,"b'ype"":""ITEM_DESTROYED""},{""creatorId"":7,""timestamp"":758181,""type"":""WARD_PLACED"",""wardType"":""CONTROL_WARD""},{""levelUpType"":""NORMAL""'"
1674,"b',""participantId"":9,""skillSlot"":3,""timestamp"":762285,""type"":""SKILL_LEVEL_UP""},{""level"":9,""participantId"":1,""timestamp"":762717,""ty'"
1675,"b'pe"":""LEVEL_UP""},{""creatorId"":7,""timestamp"":765850,""type"":""WARD_PLACED"",""wardType"":""UNDEFINED""},{""levelUpType"":""NORMAL"",""particip'"
1676,"b'antId"":1,""skillSlot"":2,""timestamp"":766315,""type"":""SKILL_LEVEL_UP""},{""assistingParticipantIds"":[6],""bounty"":300,""killStreakLength'"
1677,"b'"":1,""killerId"":10,""position"":{""x"":7961,""y"":4046},""shutdownBounty"":0,""timestamp"":771252,""type"":""CHAMPION_KILL"",""victimDamageDealt'"
1678,"b'"":[{""basic"":true,""magicDamage"":0,""name"":""Shaco"",""participantId"":6,""physicalDamage"":54,""spellName"":""shacobasicattack"",""spellSlot""'"
1679,"b':64,""trueDamage"":0,""type"":""OTHER""},{""basic"":false,""magicDamage"":0,""name"":""Shaco"",""participantId"":6,""physicalDamage"":0,""spellName'"
1680,"b'"":""s5_summonersmiteplayerganker"",""spellSlot"":5,""trueDamage"":77,""type"":""OTHER""},{""basic"":true,""magicDamage"":0,""name"":""Shaco"",""par'"
1681,"b'ticipantId"":6,""physicalDamage"":79,""spellName"":""shacobasicattack2"",""spellSlot"":65,""trueDamage"":0,""type"":""OTHER""},{""basic"":false,""'"
1682,"b'magicDamage"":83,""name"":""Shaco"",""participantId"":6,""physicalDamage"":0,""spellName"":"""",""spellSlot"":-1,""trueDamage"":0,""type"":""OTHER""}'"
1683,"b',{""basic"":false,""magicDamage"":0,""name"":""Shaco"",""participantId"":6,""physicalDamage"":47,""spellName"":""hallucinatefull"",""spellSlot"":3'"
1684,"b',""trueDamage"":0,""type"":""OTHER""},{""basic"":false,""magicDamage"":0,""name"":""Shaco"",""participantId"":6,""physicalDamage"":93,""spellName"":'"
1685,"b'""shacopassive"",""spellSlot"":63,""trueDamage"":0,""type"":""OTHER""},{""basic"":false,""magicDamage"":109,""name"":""Shaco"",""participantId"":6,""'"
1686,"b'physicalDamage"":0,""spellName"":""twoshivpoison"",""spellSlot"":2,""trueDamage"":0,""type"":""OTHER""},{""basic"":false,""magicDamage"":232,""nam'"
1687,"b'e"":""Shaco"",""participantId"":7,""physicalDamage"":0,""spellName"":""jackinthebox"",""spellSlot"":1,""trueDamage"":0,""type"":""OTHER""},{""basic""'"
1688,"b':false,""magicDamage"":131,""name"":""Shaco"",""participantId"":7,""physicalDamage"":0,""spellName"":"""",""spellSlot"":-1,""trueDamage"":0,""type""'"
1689,"b':""OTHER""},{""basic"":false,""magicDamage"":0,""name"":""Shaco"",""participantId"":10,""physicalDamage"":0,""spellName"":""jackinthebox"",""spellS'"
1690,"b'lot"":1,""trueDamage"":0,""type"":""OTHER""},{""basic"":false,""magicDamage"":79,""name"":""Shaco"",""participantId"":10,""physicalDamage"":0,""spel'"
1691,"b'lName"":"""",""spellSlot"":-1,""trueDamage"":0,""type"":""OTHER""}],""victimDamageReceived"":[{""basic"":false,""magicDamage"":0,""name"":""Akshan"",'"
1692,"b'""participantId"":6,""physicalDamage"":82,""spellName"":""akshaneattack"",""spellSlot"":47,""trueDamage"":0,""type"":""OTHER""},{""basic"":true,""m'"
1693,"b'agicDamage"":0,""name"":""Akshan"",""participantId"":6,""physicalDamage"":524,""spellName"":""akshanbasicattack"",""spellSlot"":64,""trueDamage""'"
1694,"b':0,""type"":""OTHER""},{""basic"":false,""magicDamage"":0,""name"":""Akshan"",""participantId"":6,""physicalDamage"":41,""spellName"":""akshane"",""s'"
1695,"b'pellSlot"":2,""trueDamage"":0,""type"":""OTHER""},{""basic"":false,""magicDamage"":153,""name"":""Akshan"",""participantId"":6,""physicalDamage"":0'"
1696,"b',""spellName"":""akshanpassive"",""spellSlot"":63,""trueDamage"":0,""type"":""OTHER""},{""basic"":true,""magicDamage"":0,""name"":""Akshan"",""partic'"
1697,"b'ipantId"":6,""physicalDamage"":174,""spellName"":""akshanpassive"",""spellSlot"":63,""trueDamage"":0,""type"":""OTHER""},{""basic"":false,""magicD'"
1698,"b'amage"":0,""name"":""Rell"",""participantId"":10,""physicalDamage"":0,""spellName"":""summonerdot"",""spellSlot"":5,""trueDamage"":168,""type"":""OT'"
1699,"b'HER""},{""basic"":true,""magicDamage"":0,""name"":""Rell"",""participantId"":10,""physicalDamage"":45,""spellName"":""rellbasicattack2"",""spellSl'"
1700,"b'ot"":65,""trueDamage"":0,""type"":""OTHER""},{""basic"":false,""magicDamage"":46,""name"":""Rell"",""participantId"":10,""physicalDamage"":0,""spell'"
1701,"b'Name"":""rellq"",""spellSlot"":0,""trueDamage"":0,""type"":""OTHER""}],""victimId"":2},{""itemId"":1033,""participantId"":5,""timestamp"":772524,""t'"
1702,"b'ype"":""ITEM_PURCHASED""},{""creatorId"":10,""timestamp"":775889,""type"":""WARD_PLACED"",""wardType"":""SIGHT_WARD""},{""itemId"":1001,""particip'"
1703,"b'antId"":2,""timestamp"":777223,""type"":""ITEM_PURCHASED""},{""creatorId"":7,""timestamp"":778228,""type"":""WARD_PLACED"",""wardType"":""UNDEFINE'"
1704,"b'D""},{""killerId"":9,""laneType"":""BOT_LANE"",""position"":{""x"":10504,""y"":1029},""teamId"":100,""timestamp"":779431,""type"":""TURRET_PLATE_DES'"
1705,"b'TROYED""},{""bounty"":0,""buildingType"":""TOWER_BUILDING"",""killerId"":9,""laneType"":""BOT_LANE"",""position"":{""x"":10504,""y"":1029},""teamId""'"
1706,"b':100,""timestamp"":779431,""towerType"":""OUTER_TURRET"",""type"":""BUILDING_KILL""},{""itemId"":2055,""participantId"":5,""timestamp"":780301,""'"
1707,"b'type"":""ITEM_PURCHASED""}],""participantFrames"":{""1"":{""championStats"":{""abilityHaste"":0,""abilityPower"":0,""armor"":69,""armorPen"":0,""a'"
1708,"b'rmorPenPercent"":0,""attackDamage"":140,""attackSpeed"":113,""bonusArmorPenPercent"":0,""bonusMagicPenPercent"":0,""ccReduction"":5,""cooldo'"
1709,"b'wnReduction"":0,""health"":1338,""healthMax"":1357,""healthRegen"":28,""lifesteal"":0,""magicPen"":0,""magicPenPercent"":0,""magicResist"":45,""'"
1710,"b'movementSpeed"":340,""omnivamp"":0,""physicalVamp"":0,""power"":0,""powerMax"":60,""powerRegen"":0,""spellVamp"":0},""currentGold"":211,""damage'"
1711,"b'Stats"":{""magicDamageDone"":12101,""magicDamageDoneToChampions"":1239,""magicDamageTaken"":2400,""physicalDamageDone"":19723,""physicalDa'"
1712,"b'mageDoneToChampions"":2289,""physicalDamageTaken"":4984,""totalDamageDone"":32443,""totalDamageDoneToChampions"":3529,""totalDamageTaken'"
1713,"b'"":7851,""trueDamageDone"":619,""trueDamageDoneToChampions"":0,""trueDamageTaken"":465},""goldPerSecond"":0,""jungleMinionsKilled"":1,""leve'"
1714,"b'l"":9,""minionsKilled"":71,""participantId"":1,""position"":{""x"":2963,""y"":13007},""timeEnemySpentControlled"":140731,""totalGold"":3586,""xp'"
1715,"b'"":5201},""2"":{""championStats"":{""abilityHaste"":0,""abilityPower"":93,""armor"":59,""armorPen"":0,""armorPenPercent"":0,""attackDamage"":80,""'"
1716,"b'attackSpeed"":139,""bonusArmorPenPercent"":0,""bonusMagicPenPercent"":0,""ccReduction"":0,""cooldownReduction"":0,""health"":0,""healthMax"":'"
1717,"b'1201,""healthRegen"":23,""lifesteal"":0,""magicPen"":0,""magicPenPercent"":0,""magicResist"":43,""movementSpeed"":391,""omnivamp"":0,""physical'"
1718,"b'Vamp"":0,""power"":777,""powerMax"":1128,""powerRegen"":69,""spellVamp"":0},""currentGold"":105,""damageStats"":{""magicDamageDone"":25261,""mag'"
1719,"b'icDamageDoneToChampions"":1247,""magicDamageTaken"":2272,""physicalDamageDone"":19815,""physicalDamageDoneToChampions"":652,""physicalDa'"
1720,"b'mageTaken"":5563,""totalDamageDone"":58051,""totalDamageDoneToChampions"":2004,""totalDamageTaken"":8004,""trueDamageDone"":12974,""trueDa'"
1721,"b'mageDoneToChampions"":104,""trueDamageTaken"":168},""goldPerSecond"":0,""jungleMinionsKilled"":64,""level"":8,""minionsKilled"":10,""partici'"
1722,"b'pantId"":2,""position"":{""x"":7961,""y"":4046},""timeEnemySpentControlled"":320517,""totalGold"":4120,""xp"":4186},""3"":{""championStats"":{""ab'"
1723,"b'ilityHaste"":0,""abilityPower"":0,""armor"":79,""armorPen"":0,""armorPenPercent"":10,""attackDamage"":190,""attackSpeed"":130,""bonusArmorPenP'"
1724,"b'ercent"":0,""bonusMagicPenPercent"":0,""ccReduction"":0,""cooldownReduction"":0,""health"":1384,""healthMax"":1384,""healthRegen"":20,""lifest'"
1725,"b'eal"":0,""magicPen"":0,""magicPenPercent"":0,""magicResist"":41,""movementSpeed"":370,""omnivamp"":0,""physicalVamp"":0,""power"":623,""powerMax'"
1726,"b'"":645,""powerRegen"":20,""spellVamp"":0},""currentGold"":127,""damageStats"":{""magicDamageDone"":700,""magicDamageDoneToChampions"":75,""mag'"
1727,"b'icDamageTaken"":1674,""physicalDamageDone"":35983,""physicalDamageDoneToChampions"":3324,""physicalDamageTaken"":5259,""totalDamageDone""'"
1728,"b':36928,""totalDamageDoneToChampions"":3644,""totalDamageTaken"":6933,""trueDamageDone"":244,""trueDamageDoneToChampions"":244,""trueDamag'"
1729,"b'eTaken"":0},""goldPerSecond"":0,""jungleMinionsKilled"":0,""level"":9,""minionsKilled"":87,""participantId"":3,""position"":{""x"":6831,""y"":700'"
1730,"b'1},""timeEnemySpentControlled"":5340,""totalGold"":4357,""xp"":5636},""4"":{""championStats"":{""abilityHaste"":0,""abilityPower"":0,""armor"":5'"
1731,"b'2,""armorPen"":0,""armorPenPercent"":0,""attackDamage"":146,""attackSpeed"":203,""bonusArmorPenPercent"":0,""bonusMagicPenPercent"":0,""ccRed'"
1732,"b'uction"":0,""cooldownReduction"":0,""health"":1074,""healthMax"":1074,""healthRegen"":11,""lifesteal"":1,""magicPen"":0,""magicPenPercent"":0,""'"
1733,"b'magicResist"":36,""movementSpeed"":600,""omnivamp"":0,""physicalVamp"":0,""power"":551,""powerMax"":551,""powerRegen"":16,""spellVamp"":0},""cur'"
1734,"b'rentGold"":367,""damageStats"":{""magicDamageDone"":731,""magicDamageDoneToChampions"":313,""magicDamageTaken"":1804,""physicalDamageDone""'"
1735,"b':25901,""physicalDamageDoneToChampions"":3781,""physicalDamageTaken"":3173,""totalDamageDone"":26633,""totalDamageDoneToChampions"":4094'"
1736,"b',""totalDamageTaken"":5124,""trueDamageDone"":0,""trueDamageDoneToChampions"":0,""trueDamageTaken"":146},""goldPerSecond"":0,""jungleMinion'"
1737,"b'sKilled"":0,""level"":7,""minionsKilled"":99,""participantId"":4,""position"":{""x"":394,""y"":461},""timeEnemySpentControlled"":52161,""totalGo'"
1738,"b'ld"":4172,""xp"":3822},""5"":{""championStats"":{""abilityHaste"":0,""abilityPower"":21,""armor"":86,""armorPen"":0,""armorPenPercent"":0,""attack'"
1739,"b'Damage"":78,""attackSpeed"":116,""bonusArmorPenPercent"":0,""bonusMagicPenPercent"":0,""ccReduction"":5,""cooldownReduction"":0,""health"":14'"
1740,"b'31,""healthMax"":1431,""healthRegen"":33,""lifesteal"":0,""magicPen"":0,""magicPenPercent"":0,""magicResist"":61,""movementSpeed"":605,""omniva'"
1741,"b'mp"":0,""physicalVamp"":0,""power"":607,""powerMax"":607,""powerRegen"":19,""spellVamp"":0},""currentGold"":0,""damageStats"":{""magicDamageDone'"
1742,"b'"":3191,""magicDamageDoneToChampions"":1138,""magicDamageTaken"":2246,""physicalDamageDone"":2818,""physicalDamageDoneToChampions"":558,""'"
1743,"b'physicalDamageTaken"":3153,""totalDamageDone"":8172,""totalDamageDoneToChampions"":1784,""totalDamageTaken"":5486,""trueDamageDone"":2161'"
1744,"b',""trueDamageDoneToChampions"":88,""trueDamageTaken"":85},""goldPerSecond"":30,""jungleMinionsKilled"":0,""level"":7,""minionsKilled"":18,""p'"
1745,"b'articipantId"":5,""position"":{""x"":799,""y"":549},""timeEnemySpentControlled"":40794,""totalGold"":3180,""xp"":3236},""6"":{""championStats"":{'"
1746,"b'""abilityHaste"":0,""abilityPower"":0,""armor"":80,""armorPen"":0,""armorPenPercent"":0,""attackDamage"":128,""attackSpeed"":157,""bonusArmorPe'"
1747,"b'nPercent"":0,""bonusMagicPenPercent"":0,""ccReduction"":0,""cooldownReduction"":0,""health"":692,""healthMax"":1410,""healthRegen"":16,""lifes'"
1748,"b'teal"":7,""magicPen"":0,""magicPenPercent"":0,""magicResist"":38,""movementSpeed"":426,""omnivamp"":2,""physicalVamp"":0,""power"":431,""powerMa'"
1749,"b'x"":619,""powerRegen"":25,""spellVamp"":0},""currentGold"":1613,""damageStats"":{""magicDamageDone"":2699,""magicDamageDoneToChampions"":839,'"
1750,"b'""magicDamageTaken"":1021,""physicalDamageDone"":36026,""physicalDamageDoneToChampions"":4941,""physicalDamageTaken"":4866,""totalDamageD'"
1751,"b'one"":39696,""totalDamageDoneToChampions"":6121,""totalDamageTaken"":5992,""trueDamageDone"":970,""trueDamageDoneToChampions"":340,""trueD'"
1752,"b'amageTaken"":104},""goldPerSecond"":0,""jungleMinionsKilled"":0,""level"":9,""minionsKilled"":98,""participantId"":6,""position"":{""x"":7910,""'"
1753,"b'y"":7135},""timeEnemySpentControlled"":0,""totalGold"":5078,""xp"":6044},""7"":{""championStats"":{""abilityHaste"":0,""abilityPower"":184,""arm'"
1754,"b'or"":71,""armorPen"":0,""armorPenPercent"":0,""attackDamage"":81,""attackSpeed"":169,""bonusArmorPenPercent"":0,""bonusMagicPenPercent"":0,""c'"
1755,"b'cReduction"":0,""cooldownReduction"":0,""health"":593,""healthMax"":1684,""healthRegen"":20,""lifesteal"":0,""magicPen"":18,""magicPenPercent""'"
1756,"b':0,""magicResist"":38,""movementSpeed"":421,""omnivamp"":0,""physicalVamp"":0,""power"":135,""powerMax"":598,""powerRegen"":155,""spellVamp"":0}'"
1757,"b',""currentGold"":1164,""damageStats"":{""magicDamageDone"":51109,""magicDamageDoneToChampions"":5377,""magicDamageTaken"":1018,""physicalDa'"
1758,"b'mageDone"":9448,""physicalDamageDoneToChampions"":601,""physicalDamageTaken"":8308,""totalDamageDone"":78279,""totalDamageDoneToChampion'"
1759,"b's"":6191,""totalDamageTaken"":9456,""trueDamageDone"":17721,""trueDamageDoneToChampions"":211,""trueDamageTaken"":130},""goldPerSecond"":0,'"
1760,"b'""jungleMinionsKilled"":78,""level"":9,""minionsKilled"":5,""participantId"":7,""position"":{""x"":12195,""y"":6604},""timeEnemySpentControlled'"
1761,"b'"":133369,""totalGold"":6469,""xp"":5350},""8"":{""championStats"":{""abilityHaste"":0,""abilityPower"":0,""armor"":70,""armorPen"":0,""armorPenPe'"
1762,"b'rcent"":0,""attackDamage"":165,""attackSpeed"":138,""bonusArmorPenPercent"":0,""bonusMagicPenPercent"":0,""ccReduction"":17,""cooldownReduct'"
1763,"b'ion"":0,""health"":1465,""healthMax"":1650,""healthRegen"":25,""lifesteal"":0,""magicPen"":0,""magicPenPercent"":0,""magicResist"":47,""movement'"
1764,"b'Speed"":233,""omnivamp"":0,""physicalVamp"":0,""power"":876,""powerMax"":1166,""powerRegen"":26,""spellVamp"":0},""currentGold"":1966,""damageSt'"
1765,"b'ats"":{""magicDamageDone"":2991,""magicDamageDoneToChampions"":356,""magicDamageTaken"":367,""physicalDamageDone"":42183,""physicalDamageD'"
1766,"b'oneToChampions"":4660,""physicalDamageTaken"":3916,""totalDamageDone"":45174,""totalDamageDoneToChampions"":5016,""totalDamageTaken"":439'"
1767,"b'7,""trueDamageDone"":0,""trueDamageDoneToChampions"":0,""trueDamageTaken"":114},""goldPerSecond"":0,""jungleMinionsKilled"":0,""level"":10,""'"
1768,"b'minionsKilled"":87,""participantId"":8,""position"":{""x"":3977,""y"":10252},""timeEnemySpentControlled"":36652,""totalGold"":5441,""xp"":6243}'"
1769,"b',""9"":{""championStats"":{""abilityHaste"":0,""abilityPower"":0,""armor"":59,""armorPen"":0,""armorPenPercent"":0,""attackDamage"":215,""attackS'"
1770,"b'peed"":136,""bonusArmorPenPercent"":0,""bonusMagicPenPercent"":0,""ccReduction"":0,""cooldownReduction"":0,""health"":1134,""healthMax"":1303'"
1771,"b',""healthRegen"":12,""lifesteal"":4,""magicPen"":0,""magicPenPercent"":0,""magicResist"":37,""movementSpeed"":335,""omnivamp"":2,""physicalVamp'"
1772,"b'"":0,""power"":331,""powerMax"":568,""powerRegen"":24,""spellVamp"":0},""currentGold"":1292,""damageStats"":{""magicDamageDone"":3585,""magicDam'"
1773,"b'ageDoneToChampions"":1206,""magicDamageTaken"":1045,""physicalDamageDone"":28232,""physicalDamageDoneToChampions"":4545,""physicalDamage'"
1774,"b'Taken"":2211,""totalDamageDone"":31817,""totalDamageDoneToChampions"":5751,""totalDamageTaken"":3256,""trueDamageDone"":0,""trueDamageDone'"
1775,"b'ToChampions"":0,""trueDamageTaken"":0},""goldPerSecond"":0,""jungleMinionsKilled"":0,""level"":8,""minionsKilled"":89,""participantId"":9,""po'"
1776,"b'sition"":{""x"":10904,""y"":1554},""timeEnemySpentControlled"":733,""totalGold"":7482,""xp"":4256},""10"":{""championStats"":{""abilityHaste"":0,'"
1777,"b'""abilityPower"":10,""armor"":97,""armorPen"":0,""armorPenPercent"":0,""attackDamage"":72,""attackSpeed"":146,""bonusArmorPenPercent"":0,""bonu'"
1778,"b'sMagicPenPercent"":0,""ccReduction"":0,""cooldownReduction"":0,""health"":1588,""healthMax"":1660,""healthRegen"":43,""lifesteal"":0,""magicPe'"
1779,"b'n"":0,""magicPenPercent"":0,""magicResist"":73,""movementSpeed"":337,""omnivamp"":0,""physicalVamp"":0,""power"":47,""powerMax"":609,""powerRege'"
1780,"b'n"":16,""spellVamp"":0},""currentGold"":1175,""damageStats"":{""magicDamageDone"":3253,""magicDamageDoneToChampions"":1288,""magicDamageTake'"
1781,"b'n"":650,""physicalDamageDone"":2465,""physicalDamageDoneToChampions"":564,""physicalDamageTaken"":2519,""totalDamageDone"":12260,""totalDa'"
1782,"b'mageDoneToChampions"":2167,""totalDamageTaken"":3258,""trueDamageDone"":6541,""trueDamageDoneToChampions"":314,""trueDamageTaken"":88},""g'"
1783,"b'oldPerSecond"":30,""jungleMinionsKilled"":0,""level"":8,""minionsKilled"":19,""participantId"":10,""position"":{""x"":9159,""y"":2225},""timeEne'"
1784,"b'mySpentControlled"":98995,""totalGold"":4585,""xp"":4809}},""timestamp"":780301},{""events"":[{""level"":10,""participantId"":6,""timestamp"":7'"
1785,"b'84710,""type"":""LEVEL_UP""},{""itemId"":1033,""participantId"":10,""timestamp"":784743,""type"":""ITEM_DESTROYED""},{""itemId"":1029,""participa'"
1786,"b'ntId"":10,""timestamp"":784743,""type"":""ITEM_DESTROYED""},{""itemId"":1011,""participantId"":10,""timestamp"":784743,""type"":""ITEM_DESTROYED'"
1787,"b'""},{""itemId"":6667,""participantId"":10,""timestamp"":784743,""type"":""ITEM_PURCHASED""},{""itemId"":2055,""participantId"":10,""timestamp"":7'"
1788,"b'85576,""type"":""ITEM_PURCHASED""},{""killerId"":9,""timestamp"":787446,""type"":""WARD_KILL"",""wardType"":""SIGHT_WARD""},{""levelUpType"":""NORM'"
1789,"b'AL"",""participantId"":6,""skillSlot"":3,""timestamp"":791986,""type"":""SKILL_LEVEL_UP""},{""killerId"":0,""laneType"":""TOP_LANE"",""position"":{'"
1790,"b'""x"":4318,""y"":13875},""teamId"":200,""timestamp"":794192,""type"":""TURRET_PLATE_DESTROYED""},{""itemId"":3134,""participantId"":9,""timestamp'"
1791,"b'"":796962,""type"":""ITEM_DESTROYED""},{""itemId"":1037,""participantId"":9,""timestamp"":796962,""type"":""ITEM_DESTROYED""},{""itemId"":1018,""p'"
1792,"b'articipantId"":9,""timestamp"":796962,""type"":""ITEM_DESTROYED""},{""itemId"":6676,""participantId"":9,""timestamp"":796962,""type"":""ITEM_PUR'"
1793,"b'CHASED""},{""creatorId"":7,""timestamp"":797633,""type"":""WARD_PLACED"",""wardType"":""UNDEFINED""},{""level"":8,""participantId"":4,""timestamp""'"
1794,"b':802007,""type"":""LEVEL_UP""},{""itemId"":3047,""participantId"":9,""timestamp"":802041,""type"":""ITEM_PURCHASED""},{""itemId"":1053,""particip'"
1795,"b'antId"":6,""timestamp"":802041,""type"":""ITEM_DESTROYED""},{""itemId"":1037,""participantId"":6,""timestamp"":802041,""type"":""ITEM_DESTROYED""'"
1796,"b'},{""itemId"":3153,""participantId"":6,""timestamp"":802041,""type"":""ITEM_PURCHASED""},{""itemId"":1042,""participantId"":6,""timestamp"":8033'"
1797,"b'42,""type"":""ITEM_PURCHASED""},{""itemId"":3340,""participantId"":6,""timestamp"":803914,""type"":""ITEM_DESTROYED""},{""itemId"":3363,""partici'"
1798,"b'pantId"":6,""timestamp"":803914,""type"":""ITEM_PURCHASED""},{""levelUpType"":""NORMAL"",""participantId"":4,""skillSlot"":2,""timestamp"":804712'"
1799,"b',""type"":""SKILL_LEVEL_UP""},{""level"":10,""participantId"":3,""timestamp"":809393,""type"":""LEVEL_UP""},{""creatorId"":1,""timestamp"":810225,'"
1800,"b'""type"":""WARD_PLACED"",""wardType"":""YELLOW_TRINKET""},{""levelUpType"":""NORMAL"",""participantId"":3,""skillSlot"":3,""timestamp"":811093,""ty'"
1801,"b'pe"":""SKILL_LEVEL_UP""},{""killerId"":4,""timestamp"":811093,""type"":""WARD_KILL"",""wardType"":""CONTROL_WARD""},{""creatorId"":7,""timestamp"":'"
1802,"b'812999,""type"":""WARD_PLACED"",""wardType"":""UNDEFINED""},{""killerId"":5,""timestamp"":813298,""type"":""WARD_KILL"",""wardType"":""SIGHT_WARD""}'"
1803,"b',{""itemId"":2055,""participantId"":10,""timestamp"":814269,""type"":""ITEM_DESTROYED""},{""creatorId"":10,""timestamp"":814269,""type"":""WARD_P'"
1804,"b'LACED"",""wardType"":""CONTROL_WARD""},{""creatorId"":3,""timestamp"":814772,""type"":""WARD_PLACED"",""wardType"":""YELLOW_TRINKET""},{""itemId"":'"
1805,"b'2055,""participantId"":5,""timestamp"":815506,""type"":""ITEM_DESTROYED""},{""creatorId"":5,""timestamp"":815506,""type"":""WARD_PLACED"",""wardT'"
1806,"b'ype"":""CONTROL_WARD""},{""creatorId"":10,""timestamp"":817542,""type"":""WARD_PLACED"",""wardType"":""SIGHT_WARD""},{""level"":10,""participantId'"
1807,"b'"":7,""timestamp"":818473,""type"":""LEVEL_UP""},{""creatorId"":4,""timestamp"":818641,""type"":""WARD_PLACED"",""wardType"":""YELLOW_TRINKET""},{""'"
1808,"b'levelUpType"":""NORMAL"",""participantId"":7,""skillSlot"":3,""timestamp"":820018,""type"":""SKILL_LEVEL_UP""},{""creatorId"":10,""timestamp"":82'"
1809,"b'3285,""type"":""WARD_PLACED"",""wardType"":""SIGHT_WARD""},{""creatorId"":7,""timestamp"":826255,""type"":""WARD_PLACED"",""wardType"":""UNDEFINED""'"
1810,"b'},{""assistingParticipantIds"":[7],""bounty"":274,""killStreakLength"":1,""killerId"":8,""position"":{""x"":971,""y"":10309},""shutdownBounty"":'"
1811,"b'0,""timestamp"":827092,""type"":""CHAMPION_KILL"",""victimDamageDealt"":[{""basic"":false,""magicDamage"":0,""name"":""Belveth"",""participantId""'"
1812,"b':8,""physicalDamage"":120,""spellName"":""belvethe"",""spellSlot"":2,""trueDamage"":0,""type"":""OTHER""},{""basic"":false,""magicDamage"":0,""name'"
1813,"b'"":""Belveth"",""participantId"":8,""physicalDamage"":99,""spellName"":""belvethq"",""spellSlot"":0,""trueDamage"":0,""type"":""OTHER""},{""basic"":f'"
1814,"b'alse,""magicDamage"":206,""name"":""Belveth"",""participantId"":8,""physicalDamage"":0,""spellName"":"""",""spellSlot"":-1,""trueDamage"":0,""type""'"
1815,"b':""OTHER""},{""basic"":false,""magicDamage"":203,""name"":""Belveth"",""participantId"":8,""physicalDamage"":0,""spellName"":""belvethw"",""spellSl'"
1816,"b'ot"":1,""trueDamage"":0,""type"":""OTHER""},{""basic"":false,""magicDamage"":0,""name"":""Belveth"",""participantId"":8,""physicalDamage"":21,""spel'"
1817,"b'lName"":"""",""spellSlot"":-1,""trueDamage"":0,""type"":""OTHER""}],""victimDamageReceived"":[{""basic"":false,""magicDamage"":0,""name"":""Qiyana"",'"
1818,"b'""participantId"":8,""physicalDamage"":17,""spellName"":""qiyanae"",""spellSlot"":2,""trueDamage"":0,""type"":""OTHER""},{""basic"":false,""magicDa'"
1819,"b'mage"":0,""name"":""Qiyana"",""participantId"":8,""physicalDamage"":47,""spellName"":""qiyanapassive"",""spellSlot"":63,""trueDamage"":0,""type"":""'"
1820,"b'OTHER""},{""basic"":false,""magicDamage"":50,""name"":""Qiyana"",""participantId"":8,""physicalDamage"":0,""spellName"":""qiyanaw"",""spellSlot"":1'"
1821,"b',""trueDamage"":0,""type"":""OTHER""},{""basic"":true,""magicDamage"":0,""name"":""Qiyana"",""participantId"":8,""physicalDamage"":107,""spellName""'"
1822,"b':""qiyanabasicattack"",""spellSlot"":64,""trueDamage"":0,""type"":""OTHER""},{""basic"":false,""magicDamage"":0,""name"":""Qiyana"",""participantId'"
1823,"b'"":8,""physicalDamage"":169,""spellName"":""qiyanaq_grass"",""spellSlot"":0,""trueDamage"":0,""type"":""OTHER""},{""basic"":false,""magicDamage"":1'"
1824,"b'26,""name"":""Nidalee"",""participantId"":7,""physicalDamage"":0,""spellName"":"""",""spellSlot"":-1,""trueDamage"":0,""type"":""OTHER""},{""basic"":f'"
1825,"b'alse,""magicDamage"":38,""name"":""Nidalee"",""participantId"":7,""physicalDamage"":0,""spellName"":"""",""spellSlot"":-1,""trueDamage"":0,""type"":'"
1826,"b'""OTHER""},{""basic"":false,""magicDamage"":490,""name"":""Nidalee"",""participantId"":7,""physicalDamage"":0,""spellName"":""javelintoss"",""spell'"
1827,"b'Slot"":0,""trueDamage"":0,""type"":""OTHER""},{""basic"":false,""magicDamage"":0,""name"":""Nidalee"",""participantId"":7,""physicalDamage"":0,""spe'"
1828,"b'llName"":""s5_summonersmiteplayerganker"",""spellSlot"":5,""trueDamage"":94,""type"":""OTHER""},{""basic"":true,""magicDamage"":0,""name"":""Nidal'"
1829,"b'ee"",""participantId"":7,""physicalDamage"":52,""spellName"":""nidaleebasicattack2"",""spellSlot"":65,""trueDamage"":0,""type"":""OTHER""}],""vict'"
1830,"b'imId"":1},{""itemId"":6670,""participantId"":4,""timestamp"":828758,""type"":""ITEM_DESTROYED""},{""itemId"":1043,""participantId"":4,""timestam'"
1831,"b'p"":828758,""type"":""ITEM_DESTROYED""},{""itemId"":6672,""participantId"":4,""timestamp"":828758,""type"":""ITEM_PURCHASED""},{""itemId"":2055,""'"
1832,"b'participantId"":4,""timestamp"":829289,""type"":""ITEM_PURCHASED""},{""itemId"":2003,""participantId"":4,""timestamp"":829521,""type"":""ITEM_PU'"
1833,"b'RCHASED""},{""itemId"":2055,""participantId"":5,""timestamp"":829854,""type"":""ITEM_PURCHASED""},{""creatorId"":6,""timestamp"":834059,""type"":'"
1834,"b'""WARD_PLACED"",""wardType"":""BLUE_TRINKET""},{""assistingParticipantIds"":[10],""bounty"":274,""killStreakLength"":8,""killerId"":9,""positio'"
1835,"b'n"":{""x"":6264,""y"":6934},""shutdownBounty"":0,""timestamp"":835591,""type"":""CHAMPION_KILL"",""victimDamageDealt"":[{""basic"":false,""magicDa'"
1836,"b'mage"":0,""name"":""Pantheon"",""participantId"":9,""physicalDamage"":39,""spellName"":""pantheonw"",""spellSlot"":1,""trueDamage"":0,""type"":""OTH'"
1837,"b'ER""},{""basic"":true,""magicDamage"":0,""name"":""Pantheon"",""participantId"":9,""physicalDamage"":115,""spellName"":""pantheonbasicattack"",""s'"
1838,"b'pellSlot"":64,""trueDamage"":0,""type"":""OTHER""},{""basic"":false,""magicDamage"":0,""name"":""Pantheon"",""participantId"":9,""physicalDamage"":'"
1839,"b'0,""spellName"":""summonerdot"",""spellSlot"":4,""trueDamage"":50,""type"":""OTHER""},{""basic"":false,""magicDamage"":0,""name"":""Pantheon"",""part'"
1840,"b'icipantId"":10,""physicalDamage"":163,""spellName"":""pantheonq"",""spellSlot"":0,""trueDamage"":0,""type"":""OTHER""}],""victimDamageReceived"":'"
1841,"b'[{""basic"":false,""magicDamage"":45,""name"":""Rell"",""participantId"":10,""physicalDamage"":0,""spellName"":""rellq"",""spellSlot"":0,""trueDama'"
1842,"b'ge"":0,""type"":""OTHER""},{""basic"":false,""magicDamage"":73,""name"":""Rell"",""participantId"":10,""physicalDamage"":0,""spellName"":""relle"",""s'"
1843,"b'pellSlot"":2,""trueDamage"":0,""type"":""OTHER""},{""basic"":false,""magicDamage"":67,""name"":""Rell"",""participantId"":10,""physicalDamage"":0,""'"
1844,"b'spellName"":""rellw_dismount"",""spellSlot"":1,""trueDamage"":0,""type"":""OTHER""},{""basic"":false,""magicDamage"":0,""name"":""Samira"",""partici'"
1845,"b'pantId"":9,""physicalDamage"":23,""spellName"":"""",""spellSlot"":-1,""trueDamage"":0,""type"":""OTHER""},{""basic"":true,""magicDamage"":0,""name"":'"
1846,"b'""Samira"",""participantId"":9,""physicalDamage"":293,""spellName"":""samirapassive"",""spellSlot"":63,""trueDamage"":0,""type"":""OTHER""},{""basi'"
1847,"b'c"":false,""magicDamage"":35,""name"":""Samira"",""participantId"":9,""physicalDamage"":138,""spellName"":""samirapassive"",""spellSlot"":63,""tru'"
1848,"b'eDamage"":0,""type"":""OTHER""},{""basic"":false,""magicDamage"":41,""name"":""Samira"",""participantId"":9,""physicalDamage"":417,""spellName"":""s'"
1849,"b'amiraq"",""spellSlot"":0,""trueDamage"":0,""type"":""OTHER""},{""basic"":false,""magicDamage"":60,""name"":""Samira"",""participantId"":9,""physical'"
1850,"b'Damage"":206,""spellName"":""samiraw"",""spellSlot"":1,""trueDamage"":0,""type"":""OTHER""},{""basic"":false,""magicDamage"":0,""name"":""Samira"",""p'"
1851,"b'articipantId"":9,""physicalDamage"":0,""spellName"":"""",""spellSlot"":-1,""trueDamage"":56,""type"":""OTHER""}],""victimId"":3},{""level"":9,""part'"
1852,"b'icipantId"":9,""timestamp"":835591,""type"":""LEVEL_UP""},{""level"":9,""participantId"":10,""timestamp"":835591,""type"":""LEVEL_UP""},{""killerI'"
1853,"b'd"":8,""laneType"":""TOP_LANE"",""position"":{""x"":981,""y"":10441},""teamId"":100,""timestamp"":836761,""type"":""TURRET_PLATE_DESTROYED""},{""ass'"
1854,"b'istingParticipantIds"":[7],""bounty"":0,""buildingType"":""TOWER_BUILDING"",""killerId"":8,""laneType"":""TOP_LANE"",""position"":{""x"":981,""y"":'"
1855,"b'10441},""teamId"":100,""timestamp"":836761,""towerType"":""OUTER_TURRET"",""type"":""BUILDING_KILL""},{""creatorId"":7,""timestamp"":838358,""typ'"
1856,"b'e"":""WARD_PLACED"",""wardType"":""UNDEFINED""},{""levelUpType"":""NORMAL"",""participantId"":9,""skillSlot"":1,""timestamp"":838457,""type"":""SKIL'"
1857,"b'L_LEVEL_UP""}],""participantFrames"":{""1"":{""championStats"":{""abilityHaste"":0,""abilityPower"":0,""armor"":69,""armorPen"":0,""armorPenPerc'"
1858,"b'ent"":0,""attackDamage"":140,""attackSpeed"":115,""bonusArmorPenPercent"":0,""bonusMagicPenPercent"":0,""ccReduction"":25,""cooldownReductio'"
1859,"b'n"":0,""health"":0,""healthMax"":1357,""healthRegen"":28,""lifesteal"":0,""magicPen"":0,""magicPenPercent"":0,""magicResist"":45,""movementSpeed'"
1860,"b'"":340,""omnivamp"":0,""physicalVamp"":0,""power"":0,""powerMax"":60,""powerRegen"":0,""spellVamp"":0},""currentGold"":737,""damageStats"":{""magi'"
1861,"b'cDamageDone"":14315,""magicDamageDoneToChampions"":1649,""magicDamageTaken"":3198,""physicalDamageDone"":23372,""physicalDamageDoneToCha'"
1862,"b'mpions"":2531,""physicalDamageTaken"":5928,""totalDamageDone"":38361,""totalDamageDoneToChampions"":4181,""totalDamageTaken"":9687,""trueD'"
1863,"b'amageDone"":673,""trueDamageDoneToChampions"":0,""trueDamageTaken"":560},""goldPerSecond"":0,""jungleMinionsKilled"":1,""level"":9,""minions'"
1864,"b'Killed"":80,""participantId"":1,""position"":{""x"":971,""y"":10309},""timeEnemySpentControlled"":153332,""totalGold"":4112,""xp"":5758},""2"":{""'"
1865,"b'championStats"":{""abilityHaste"":0,""abilityPower"":93,""armor"":59,""armorPen"":0,""armorPenPercent"":0,""attackDamage"":80,""attackSpeed"":1'"
1866,"b'39,""bonusArmorPenPercent"":0,""bonusMagicPenPercent"":0,""ccReduction"":0,""cooldownReduction"":0,""health"":1201,""healthMax"":1201,""healt'"
1867,"b'hRegen"":23,""lifesteal"":0,""magicPen"":0,""magicPenPercent"":0,""magicResist"":43,""movementSpeed"":370,""omnivamp"":0,""physicalVamp"":0,""po'"
1868,"b'wer"":884,""powerMax"":1128,""powerRegen"":19,""spellVamp"":0},""currentGold"":353,""damageStats"":{""magicDamageDone"":28980,""magicDamageDon'"
1869,"b'eToChampions"":1370,""magicDamageTaken"":2272,""physicalDamageDone"":20795,""physicalDamageDoneToChampions"":652,""physicalDamageTaken"":'"
1870,"b'5766,""totalDamageDone"":63440,""totalDamageDoneToChampions"":2204,""totalDamageTaken"":8207,""trueDamageDone"":13663,""trueDamageDoneToC'"
1871,"b'hampions"":181,""trueDamageTaken"":168},""goldPerSecond"":0,""jungleMinionsKilled"":68,""level"":8,""minionsKilled"":10,""participantId"":2,""'"
1872,"b'position"":{""x"":1346,""y"":11239},""timeEnemySpentControlled"":337341,""totalGold"":4368,""xp"":4405},""3"":{""championStats"":{""abilityHaste'"
1873,"b'"":0,""abilityPower"":0,""armor"":84,""armorPen"":0,""armorPenPercent"":10,""attackDamage"":190,""attackSpeed"":133,""bonusArmorPenPercent"":0,'"
1874,"b'""bonusMagicPenPercent"":0,""ccReduction"":0,""cooldownReduction"":0,""health"":0,""healthMax"":1493,""healthRegen"":22,""lifesteal"":0,""magic'"
1875,"b'Pen"":0,""magicPenPercent"":0,""magicResist"":43,""movementSpeed"":370,""omnivamp"":0,""physicalVamp"":0,""power"":595,""powerMax"":676,""powerR'"
1876,"b'egen"":21,""spellVamp"":0},""currentGold"":520,""damageStats"":{""magicDamageDone"":700,""magicDamageDoneToChampions"":75,""magicDamageTaken'"
1877,"b'"":1999,""physicalDamageDone"":43022,""physicalDamageDoneToChampions"":3643,""physicalDamageTaken"":6505,""totalDamageDone"":44116,""total'"
1878,"b'DamageDoneToChampions"":4113,""totalDamageTaken"":8561,""trueDamageDone"":394,""trueDamageDoneToChampions"":394,""trueDamageTaken"":56},""'"
1879,"b'goldPerSecond"":0,""jungleMinionsKilled"":0,""level"":10,""minionsKilled"":99,""participantId"":3,""position"":{""x"":6264,""y"":6934},""timeEne'"
1880,"b'mySpentControlled"":6507,""totalGold"":4750,""xp"":6284},""4"":{""championStats"":{""abilityHaste"":0,""abilityPower"":0,""armor"":56,""armorPen'"
1881,"b'"":0,""armorPenPercent"":0,""attackDamage"":160,""attackSpeed"":214,""bonusArmorPenPercent"":0,""bonusMagicPenPercent"":0,""ccReduction"":0,""'"
1882,"b'cooldownReduction"":0,""health"":1169,""healthMax"":1169,""healthRegen"":12,""lifesteal"":1,""magicPen"":0,""magicPenPercent"":0,""magicResist'"
1883,"b'"":37,""movementSpeed"":370,""omnivamp"":0,""physicalVamp"":0,""power"":590,""powerMax"":590,""powerRegen"":17,""spellVamp"":0},""currentGold"":4'"
1884,"b'7,""damageStats"":{""magicDamageDone"":1061,""magicDamageDoneToChampions"":313,""magicDamageTaken"":1804,""physicalDamageDone"":31674,""phy'"
1885,"b'sicalDamageDoneToChampions"":3781,""physicalDamageTaken"":3180,""totalDamageDone"":32736,""totalDamageDoneToChampions"":4094,""totalDama'"
1886,"b'geTaken"":5131,""trueDamageDone"":0,""trueDamageDoneToChampions"":0,""trueDamageTaken"":146},""goldPerSecond"":0,""jungleMinionsKilled"":0,'"
1887,"b'""level"":8,""minionsKilled"":114,""participantId"":4,""position"":{""x"":3559,""y"":3842},""timeEnemySpentControlled"":52161,""totalGold"":4982'"
1888,"b',""xp"":4381},""5"":{""championStats"":{""abilityHaste"":0,""abilityPower"":25,""armor"":90,""armorPen"":0,""armorPenPercent"":0,""attackDamage"":'"
1889,"b'78,""attackSpeed"":116,""bonusArmorPenPercent"":0,""bonusMagicPenPercent"":0,""ccReduction"":5,""cooldownReduction"":0,""health"":1431,""heal'"
1890,"b'thMax"":1431,""healthRegen"":33,""lifesteal"":0,""magicPen"":0,""magicPenPercent"":0,""magicResist"":61,""movementSpeed"":375,""omnivamp"":0,""p'"
1891,"b'hysicalVamp"":0,""power"":607,""powerMax"":607,""powerRegen"":19,""spellVamp"":0},""currentGold"":138,""damageStats"":{""magicDamageDone"":3640'"
1892,"b',""magicDamageDoneToChampions"":1138,""magicDamageTaken"":2246,""physicalDamageDone"":2977,""physicalDamageDoneToChampions"":558,""physic'"
1893,"b'alDamageTaken"":3179,""totalDamageDone"":9167,""totalDamageDoneToChampions"":1784,""totalDamageTaken"":5512,""trueDamageDone"":2549,""true'"
1894,"b'DamageDoneToChampions"":88,""trueDamageTaken"":85},""goldPerSecond"":30,""jungleMinionsKilled"":0,""level"":7,""minionsKilled"":21,""partici'"
1895,"b'pantId"":5,""position"":{""x"":2786,""y"":3434},""timeEnemySpentControlled"":46005,""totalGold"":3397,""xp"":3519},""6"":{""championStats"":{""abi'"
1896,"b'lityHaste"":0,""abilityPower"":0,""armor"":84,""armorPen"":0,""armorPenPercent"":0,""attackDamage"":142,""attackSpeed"":200,""bonusArmorPenPer'"
1897,"b'cent"":0,""bonusMagicPenPercent"":0,""ccReduction"":0,""cooldownReduction"":0,""health"":1514,""healthMax"":1514,""healthRegen"":17,""lifestea'"
1898,"b'l"":8,""magicPen"":0,""magicPenPercent"":0,""magicResist"":40,""movementSpeed"":443,""omnivamp"":2,""physicalVamp"":0,""power"":555,""powerMax"":'"
1899,"b'659,""powerRegen"":27,""spellVamp"":0},""currentGold"":230,""damageStats"":{""magicDamageDone"":3069,""magicDamageDoneToChampions"":839,""mag'"
1900,"b'icDamageTaken"":1021,""physicalDamageDone"":41974,""physicalDamageDoneToChampions"":4941,""physicalDamageTaken"":4884,""totalDamageDone""'"
1901,"b':46014,""totalDamageDoneToChampions"":6121,""totalDamageTaken"":6010,""trueDamageDone"":970,""trueDamageDoneToChampions"":340,""trueDamag'"
1902,"b'eTaken"":104},""goldPerSecond"":0,""jungleMinionsKilled"":0,""level"":10,""minionsKilled"":110,""participantId"":6,""position"":{""x"":12824,""y'"
1903,"b'"":2121},""timeEnemySpentControlled"":0,""totalGold"":5520,""xp"":6722},""7"":{""championStats"":{""abilityHaste"":0,""abilityPower"":184,""armo'"
1904,"b'r"":76,""armorPen"":0,""armorPenPercent"":0,""attackDamage"":85,""attackSpeed"":182,""bonusArmorPenPercent"":0,""bonusMagicPenPercent"":0,""cc'"
1905,"b'Reduction"":0,""cooldownReduction"":0,""health"":1426,""healthMax"":1793,""healthRegen"":21,""lifesteal"":0,""magicPen"":18,""magicPenPercent""'"
1906,"b':0,""magicResist"":40,""movementSpeed"":480,""omnivamp"":0,""physicalVamp"":0,""power"":63,""powerMax"":643,""powerRegen"":165,""spellVamp"":0},'"
1907,"b'""currentGold"":1898,""damageStats"":{""magicDamageDone"":67698,""magicDamageDoneToChampions"":6033,""magicDamageTaken"":1489,""physicalDam'"
1908,"b'ageDone"":10905,""physicalDamageDoneToChampions"":654,""physicalDamageTaken"":9364,""totalDamageDone"":99947,""totalDamageDoneToChampion'"
1909,"b's"":6993,""totalDamageTaken"":10984,""trueDamageDone"":21343,""trueDamageDoneToChampions"":305,""trueDamageTaken"":130},""goldPerSecond"":0'"
1910,"b',""jungleMinionsKilled"":94,""level"":10,""minionsKilled"":5,""participantId"":7,""position"":{""x"":3463,""y"":8117},""timeEnemySpentControlle'"
1911,"b'd"":134941,""totalGold"":7203,""xp"":6427},""8"":{""championStats"":{""abilityHaste"":0,""abilityPower"":0,""armor"":70,""armorPen"":0,""armorPenP'"
1912,"b'ercent"":0,""attackDamage"":165,""attackSpeed"":138,""bonusArmorPenPercent"":0,""bonusMagicPenPercent"":0,""ccReduction"":18,""cooldownReduc'"
1913,"b'tion"":0,""health"":508,""healthMax"":1653,""healthRegen"":25,""lifesteal"":0,""magicPen"":0,""magicPenPercent"":0,""magicResist"":47,""movement'"
1914,"b'Speed"":279,""omnivamp"":0,""physicalVamp"":0,""power"":694,""powerMax"":1205,""powerRegen"":26,""spellVamp"":0},""currentGold"":3065,""damageSt'"
1915,"b'ats"":{""magicDamageDone"":4145,""magicDamageDoneToChampions"":498,""magicDamageTaken"":899,""physicalDamageDone"":49097,""physicalDamageD'"
1916,"b'oneToChampions"":5402,""physicalDamageTaken"":4727,""totalDamageDone"":53242,""totalDamageDoneToChampions"":5900,""totalDamageTaken"":581'"
1917,"b'9,""trueDamageDone"":0,""trueDamageDoneToChampions"":0,""trueDamageTaken"":191},""goldPerSecond"":0,""jungleMinionsKilled"":0,""level"":10,""'"
1918,"b'minionsKilled"":97,""participantId"":8,""position"":{""x"":1198,""y"":11608},""timeEnemySpentControlled"":36652,""totalGold"":6540,""xp"":7072}'"
1919,"b',""9"":{""championStats"":{""abilityHaste"":0,""abilityPower"":0,""armor"":83,""armorPen"":0,""armorPenPercent"":0,""attackDamage"":245,""attackS'"
1920,"b'peed"":139,""bonusArmorPenPercent"":0,""bonusMagicPenPercent"":0,""ccReduction"":0,""cooldownReduction"":0,""health"":896,""healthMax"":1492,'"
1921,"b'""healthRegen"":13,""lifesteal"":5,""magicPen"":0,""magicPenPercent"":0,""magicResist"":38,""movementSpeed"":385,""omnivamp"":2,""physicalVamp""'"
1922,"b':0,""power"":467,""powerMax"":605,""powerRegen"":25,""spellVamp"":0},""currentGold"":724,""damageStats"":{""magicDamageDone"":4766,""magicDamag'"
1923,"b'eDoneToChampions"":1343,""magicDamageTaken"":1045,""physicalDamageDone"":35737,""physicalDamageDoneToChampions"":5626,""physicalDamageTa'"
1924,"b'ken"":2906,""totalDamageDone"":40560,""totalDamageDoneToChampions"":7026,""totalDamageTaken"":4101,""trueDamageDone"":56,""trueDamageDoneT'"
1925,"b'oChampions"":56,""trueDamageTaken"":150},""goldPerSecond"":0,""jungleMinionsKilled"":0,""level"":9,""minionsKilled"":105,""participantId"":9,'"
1926,"b'""position"":{""x"":6776,""y"":6928},""timeEnemySpentControlled"":733,""totalGold"":8444,""xp"":5314},""10"":{""championStats"":{""abilityHaste"":'"
1927,"b'0,""abilityPower"":10,""armor"":119,""armorPen"":0,""armorPenPercent"":0,""attackDamage"":75,""attackSpeed"":147,""bonusArmorPenPercent"":0,""b'"
1928,"b'onusMagicPenPercent"":0,""ccReduction"":0,""cooldownReduction"":0,""health"":1011,""healthMax"":1760,""healthRegen"":46,""lifesteal"":0,""magi'"
1929,"b'cPen"":0,""magicPenPercent"":0,""magicResist"":81,""movementSpeed"":337,""omnivamp"":0,""physicalVamp"":0,""power"":544,""powerMax"":653,""power'"
1930,"b'Regen"":16,""spellVamp"":0},""currentGold"":399,""damageStats"":{""magicDamageDone"":3644,""magicDamageDoneToChampions"":1476,""magicDamageT'"
1931,"b'aken"":650,""physicalDamageDone"":2620,""physicalDamageDoneToChampions"":564,""physicalDamageTaken"":3304,""totalDamageDone"":13221,""tota'"
1932,"b'lDamageDoneToChampions"":2355,""totalDamageTaken"":4043,""trueDamageDone"":6957,""trueDamageDoneToChampions"":314,""trueDamageTaken"":88}'"
1933,"b',""goldPerSecond"":30,""jungleMinionsKilled"":0,""level"":9,""minionsKilled"":20,""participantId"":10,""position"":{""x"":6800,""y"":6922},""time'"
1934,"b'EnemySpentControlled"":109314,""totalGold"":4934,""xp"":5275}},""timestamp"":840325},{""events"":[{""actualStartTime"":855000,""teamId"":100,'"
1935,"b'""timestamp"":840425,""type"":""OBJECTIVE_BOUNTY_PRESTART""},{""levelUpType"":""NORMAL"",""participantId"":10,""skillSlot"":3,""timestamp"":8418'"
1936,"b'93,""type"":""SKILL_LEVEL_UP""},{""bounty"":0,""buildingType"":""TOWER_BUILDING"",""killerId"":9,""laneType"":""MID_LANE"",""position"":{""x"":5846,'"
1937,"b'""y"":6396},""teamId"":100,""timestamp"":848646,""towerType"":""OUTER_TURRET"",""type"":""BUILDING_KILL""},{""level"":11,""participantId"":8,""time'"
1938,"b'stamp"":849114,""type"":""LEVEL_UP""},{""levelUpType"":""NORMAL"",""participantId"":8,""skillSlot"":4,""timestamp"":849910,""type"":""SKILL_LEVEL_'"
1939,"b'UP""},{""killerId"":6,""timestamp"":851611,""type"":""WARD_KILL"",""wardType"":""CONTROL_WARD""},{""assistingParticipantIds"":[10],""bounty"":175'"
1940,"b',""killStreakLength"":9,""killerId"":9,""position"":{""x"":5413,""y"":5459},""shutdownBounty"":0,""timestamp"":854512,""type"":""CHAMPION_KILL"",""'"
1941,"b'victimDamageReceived"":[{""basic"":true,""magicDamage"":0,""name"":""SRU_ChaosMinionMelee"",""participantId"":0,""physicalDamage"":31,""spellN'"
1942,"b'ame"":""sru_chaosminionrangedbasicattack"",""spellSlot"":64,""trueDamage"":0,""type"":""MINION""},{""basic"":true,""magicDamage"":0,""name"":""SRU'"
1943,"b'_ChaosMinionMelee"",""participantId"":0,""physicalDamage"":0,""spellName"":""sru_chaosminionmeleebasicattack"",""spellSlot"":64,""trueDamage'"
1944,"b'"":0,""type"":""MINION""},{""basic"":true,""magicDamage"":0,""name"":""SRU_ChaosMinionMelee"",""participantId"":0,""physicalDamage"":31,""spellNam'"
1945,"b'e"":""sru_chaosminionrangedbasicattack2"",""spellSlot"":65,""trueDamage"":0,""type"":""MINION""},{""basic"":false,""magicDamage"":73,""name"":""Re'"
1946,"b'll"",""participantId"":10,""physicalDamage"":0,""spellName"":""rellr"",""spellSlot"":3,""trueDamage"":0,""type"":""OTHER""},{""basic"":false,""magic'"
1947,"b'Damage"":48,""name"":""Rell"",""participantId"":10,""physicalDamage"":0,""spellName"":""rellw_dismount"",""spellSlot"":1,""trueDamage"":0,""type"":'"
1948,"b'""OTHER""},{""basic"":false,""magicDamage"":78,""name"":""Rell"",""participantId"":10,""physicalDamage"":0,""spellName"":""relle"",""spellSlot"":2,""'"
1949,"b'trueDamage"":0,""type"":""OTHER""},{""basic"":false,""magicDamage"":0,""name"":""Samira"",""participantId"":9,""physicalDamage"":0,""spellName"":""""'"
1950,"b',""spellSlot"":-1,""trueDamage"":0,""type"":""OTHER""},{""basic"":true,""magicDamage"":0,""name"":""Samira"",""participantId"":9,""physicalDamage"":'"
1951,"b'251,""spellName"":""samirapassive"",""spellSlot"":63,""trueDamage"":0,""type"":""OTHER""},{""basic"":false,""magicDamage"":94,""name"":""Samira"",""p'"
1952,"b'articipantId"":9,""physicalDamage"":0,""spellName"":""samirae"",""spellSlot"":2,""trueDamage"":0,""type"":""OTHER""},{""basic"":false,""magicDamag'"
1953,"b'e"":27,""name"":""Samira"",""participantId"":9,""physicalDamage"":176,""spellName"":""samirapassive"",""spellSlot"":63,""trueDamage"":0,""type"":""O'"
1954,"b'THER""},{""basic"":false,""magicDamage"":32,""name"":""Samira"",""participantId"":9,""physicalDamage"":266,""spellName"":""samiraq"",""spellSlot"":'"
1955,"b'0,""trueDamage"":0,""type"":""OTHER""},{""basic"":false,""magicDamage"":0,""name"":""Samira"",""participantId"":9,""physicalDamage"":0,""spellName""'"
1956,"b':"""",""spellSlot"":-1,""trueDamage"":56,""type"":""OTHER""}],""victimId"":4},{""creatorId"":7,""timestamp"":857409,""type"":""WARD_PLACED"",""wardTy'"
1957,"b'pe"":""UNDEFINED""},{""bounty"":300,""killStreakLength"":0,""killerId"":2,""position"":{""x"":2724,""y"":13004},""shutdownBounty"":150,""timestamp'"
1958,"b'"":859580,""type"":""CHAMPION_KILL"",""victimDamageDealt"":[{""basic"":false,""magicDamage"":0,""name"":""Qiyana"",""participantId"":2,""physicalD'"
1959,"b'amage"":66,""spellName"":""qiyanae"",""spellSlot"":2,""trueDamage"":0,""type"":""OTHER""},{""basic"":false,""magicDamage"":0,""name"":""Qiyana"",""par'"
1960,"b'ticipantId"":2,""physicalDamage"":54,""spellName"":""qiyanapassive"",""spellSlot"":63,""trueDamage"":0,""type"":""OTHER""},{""basic"":false,""magi'"
1961,"b'cDamage"":33,""name"":""Qiyana"",""participantId"":2,""physicalDamage"":0,""spellName"":""qiyanaw"",""spellSlot"":1,""trueDamage"":0,""type"":""OTHE'"
1962,"b'R""},{""basic"":false,""magicDamage"":0,""name"":""Qiyana"",""participantId"":2,""physicalDamage"":136,""spellName"":""qiyanaq_grass"",""spellSlot'"
1963,"b'"":0,""trueDamage"":0,""type"":""OTHER""},{""basic"":false,""magicDamage"":0,""name"":""Qiyana"",""participantId"":2,""physicalDamage"":266,""spellN'"
1964,"b'ame"":""qiyanar"",""spellSlot"":3,""trueDamage"":0,""type"":""OTHER""}],""victimDamageReceived"":[{""basic"":false,""magicDamage"":203,""name"":""Be'"
1965,"b'lveth"",""participantId"":1,""physicalDamage"":0,""spellName"":""belvethw"",""spellSlot"":1,""trueDamage"":0,""type"":""OTHER""},{""basic"":false,""'"
1966,"b'magicDamage"":0,""name"":""Belveth"",""participantId"":1,""physicalDamage"":21,""spellName"":"""",""spellSlot"":-1,""trueDamage"":0,""type"":""OTHER'"
1967,"b'""},{""basic"":false,""magicDamage"":0,""name"":""Belveth"",""participantId"":1,""physicalDamage"":65,""spellName"":""belvethe"",""spellSlot"":2,""t'"
1968,"b'rueDamage"":0,""type"":""OTHER""},{""basic"":true,""magicDamage"":0,""name"":""Turret"",""participantId"":0,""physicalDamage"":317,""spellName"":""t'"
1969,"b'urretbasicattack"",""spellSlot"":64,""trueDamage"":0,""type"":""TOWER""},{""basic"":true,""magicDamage"":0,""name"":""SRU_OrderMinionMelee"",""par'"
1970,"b'ticipantId"":0,""physicalDamage"":56,""spellName"":""sru_orderminionrangedbasicattack"",""spellSlot"":64,""trueDamage"":0,""type"":""MINION""},'"
1971,"b'{""basic"":true,""magicDamage"":0,""name"":""SRU_OrderMinionMelee"",""participantId"":0,""physicalDamage"":95,""spellName"":""sru_orderminionme'"
1972,"b'leebasicattack"",""spellSlot"":64,""trueDamage"":0,""type"":""MINION""},{""basic"":true,""magicDamage"":0,""name"":""SRU_OrderMinionMelee"",""part'"
1973,"b'icipantId"":0,""physicalDamage"":56,""spellName"":""sru_orderminionrangedbasicattack2"",""spellSlot"":65,""trueDamage"":0,""type"":""MINION""},'"
1974,"b'{""basic"":false,""magicDamage"":261,""name"":""Shaco"",""participantId"":2,""physicalDamage"":0,""spellName"":""twoshivpoison"",""spellSlot"":2,""'"
1975,"b'trueDamage"":0,""type"":""OTHER""},{""basic"":false,""magicDamage"":191,""name"":""Shaco"",""participantId"":2,""physicalDamage"":0,""spellName"":""'"
1976,"b'hallucinatefull"",""spellSlot"":3,""trueDamage"":0,""type"":""OTHER""},{""basic"":false,""magicDamage"":170,""name"":""Shaco"",""participantId"":2,'"
1977,"b'""physicalDamage"":0,""spellName"":"""",""spellSlot"":-1,""trueDamage"":0,""type"":""OTHER""},{""basic"":true,""magicDamage"":0,""name"":""Shaco"",""pa'"
1978,"b'rticipantId"":2,""physicalDamage"":47,""spellName"":""shacobasicattack2"",""spellSlot"":65,""trueDamage"":0,""type"":""OTHER""},{""basic"":false,'"
1979,"b'""magicDamage"":0,""name"":""Shaco"",""participantId"":2,""physicalDamage"":0,""spellName"":""s5_summonersmiteplayerganker"",""spellSlot"":5,""tr'"
1980,"b'ueDamage"":77,""type"":""OTHER""},{""basic"":true,""magicDamage"":0,""name"":""Shaco"",""participantId"":2,""physicalDamage"":47,""spellName"":""sha'"
1981,"b'cobasicattack"",""spellSlot"":64,""trueDamage"":0,""type"":""OTHER""}],""victimId"":8},{""level"":9,""participantId"":2,""timestamp"":859580,""typ'"
1982,"b'e"":""LEVEL_UP""},{""creatorId"":5,""timestamp"":860045,""type"":""WARD_PLACED"",""wardType"":""SIGHT_WARD""},{""itemId"":3077,""participantId"":1,'"
1983,"b'""timestamp"":860345,""type"":""ITEM_DESTROYED""},{""itemId"":1036,""participantId"":1,""timestamp"":860345,""type"":""ITEM_DESTROYED""},{""itemI'"
1984,"b'd"":3133,""participantId"":1,""timestamp"":860345,""type"":""ITEM_DESTROYED""},{""itemId"":3074,""participantId"":1,""timestamp"":860345,""type""'"
1985,"b':""ITEM_PURCHASED""},{""levelUpType"":""NORMAL"",""participantId"":2,""skillSlot"":2,""timestamp"":861114,""type"":""SKILL_LEVEL_UP""},{""creator'"
1986,"b'Id"":9,""timestamp"":864385,""type"":""WARD_PLACED"",""wardType"":""YELLOW_TRINKET""},{""creatorId"":5,""timestamp"":867188,""type"":""WARD_PLACED'"
1987,"b'"",""wardType"":""SIGHT_WARD""},{""itemId"":3134,""participantId"":8,""timestamp"":867321,""type"":""ITEM_DESTROYED""},{""itemId"":3133,""particip'"
1988,"b'antId"":8,""timestamp"":867321,""type"":""ITEM_DESTROYED""},{""itemId"":6691,""participantId"":8,""timestamp"":867321,""type"":""ITEM_PURCHASED""'"
1989,"b'},{""level"":11,""participantId"":6,""timestamp"":867721,""type"":""LEVEL_UP""},{""itemId"":1001,""participantId"":8,""timestamp"":868322,""type""'"
1990,"b':""ITEM_DESTROYED""},{""itemId"":3158,""participantId"":8,""timestamp"":868322,""type"":""ITEM_PURCHASED""},{""levelUpType"":""NORMAL"",""partici'"
1991,"b'pantId"":6,""skillSlot"":4,""timestamp"":868722,""type"":""SKILL_LEVEL_UP""},{""creatorId"":10,""timestamp"":869156,""type"":""WARD_PLACED"",""war'"
1992,"b'dType"":""SIGHT_WARD""},{""itemId"":1036,""participantId"":8,""timestamp"":869656,""type"":""ITEM_DESTROYED""},{""itemId"":3133,""participantId""'"
1993,"b':8,""timestamp"":869656,""type"":""ITEM_PURCHASED""},{""itemId"":1036,""participantId"":8,""timestamp"":869957,""type"":""ITEM_PURCHASED""},{""cr'"
1994,"b'eatorId"":7,""timestamp"":874131,""type"":""WARD_PLACED"",""wardType"":""UNDEFINED""},{""killerId"":5,""timestamp"":875705,""type"":""WARD_KILL"",""'"
1995,"b'wardType"":""SIGHT_WARD""},{""creatorId"":7,""timestamp"":886303,""type"":""WARD_PLACED"",""wardType"":""UNDEFINED""},{""itemId"":1038,""participa'"
1996,"b'ntId"":9,""timestamp"":889705,""type"":""ITEM_PURCHASED""},{""itemId"":3340,""participantId"":9,""timestamp"":891042,""type"":""ITEM_DESTROYED""}'"
1997,"b',{""itemId"":3363,""participantId"":9,""timestamp"":891042,""type"":""ITEM_PURCHASED""},{""creatorId"":7,""timestamp"":895582,""type"":""WARD_PLA'"
1998,"b'CED"",""wardType"":""UNDEFINED""},{""bounty"":219,""killStreakLength"":1,""killerId"":6,""position"":{""x"":7080,""y"":1386},""shutdownBounty"":0,""'"
1999,"b'timestamp"":896148,""type"":""CHAMPION_KILL"",""victimDamageDealt"":[{""basic"":false,""magicDamage"":216,""name"":""Belveth"",""participantId"":'"
2000,"b'6,""physicalDamage"":0,""spellName"":""belvethw"",""spellSlot"":1,""trueDamage"":0,""type"":""OTHER""},{""basic"":false,""magicDamage"":0,""name"":""'"
2001,"b'Belveth"",""participantId"":6,""physicalDamage"":10,""spellName"":"""",""spellSlot"":-1,""trueDamage"":0,""type"":""OTHER""}],""victimDamageReceiv'"
2002,"b'ed"":[{""basic"":true,""magicDamage"":0,""name"":""SRU_ChaosMinionMelee"",""participantId"":0,""physicalDamage"":14,""spellName"":""sru_chaosmin'"
2003,"b'ionrangedbasicattack"",""spellSlot"":64,""trueDamage"":0,""type"":""MINION""},{""basic"":true,""magicDamage"":0,""name"":""SRU_ChaosMinionMelee""'"
2004,"b',""participantId"":0,""physicalDamage"":15,""spellName"":""sru_chaosminionsiegebasicattack"",""spellSlot"":64,""trueDamage"":0,""type"":""MINIO'"
2005,"b'N""},{""basic"":true,""magicDamage"":0,""name"":""SRU_ChaosMinionMelee"",""participantId"":0,""physicalDamage"":36,""spellName"":""sru_chaosmini'"
2006,"b'onmeleebasicattack"",""spellSlot"":64,""trueDamage"":0,""type"":""MINION""},{""basic"":false,""magicDamage"":0,""name"":""Akshan"",""participantId'"
2007,"b'"":6,""physicalDamage"":0,""spellName"":""summonerdot"",""spellSlot"":4,""trueDamage"":216,""type"":""OTHER""},{""basic"":false,""magicDamage"":37,'"
2008,"b'""name"":""Akshan"",""participantId"":6,""physicalDamage"":275,""spellName"":"""",""spellSlot"":-1,""trueDamage"":0,""type"":""OTHER""},{""basic"":fal'"
2009,"b'se,""magicDamage"":0,""name"":""Akshan"",""participantId"":6,""physicalDamage"":166,""spellName"":""akshaneattack"",""spellSlot"":47,""trueDamage'"
2010,"b'"":0,""type"":""OTHER""},{""basic"":true,""magicDamage"":0,""name"":""Akshan"",""participantId"":6,""physicalDamage"":303,""spellName"":""akshanbasi'"
2011,"b'cattack"",""spellSlot"":64,""trueDamage"":0,""type"":""OTHER""},{""basic"":false,""magicDamage"":0,""name"":""Akshan"",""participantId"":6,""physica'"
2012,"b'lDamage"":55,""spellName"":""akshane"",""spellSlot"":2,""trueDamage"":0,""type"":""OTHER""},{""basic"":false,""magicDamage"":205,""name"":""Akshan"",'"
2013,"b'""participantId"":6,""physicalDamage"":0,""spellName"":""akshanpassive"",""spellSlot"":63,""trueDamage"":0,""type"":""OTHER""},{""basic"":true,""ma'"
2014,"b'gicDamage"":0,""name"":""Akshan"",""participantId"":6,""physicalDamage"":99,""spellName"":""akshanpassive"",""spellSlot"":63,""trueDamage"":0,""ty'"
2015,"b'pe"":""OTHER""},{""basic"":false,""magicDamage"":0,""name"":""Akshan"",""participantId"":6,""physicalDamage"":239,""spellName"":""akshanq"",""spellS'"
2016,"b'lot"":0,""trueDamage"":0,""type"":""OTHER""}],""victimId"":1},{""itemId"":3076,""participantId"":10,""timestamp"":896414,""type"":""ITEM_PURCHASED'"
2017,"b'""},{""itemId"":2055,""participantId"":10,""timestamp"":896649,""type"":""ITEM_PURCHASED""}],""participantFrames"":{""1"":{""championStats"":{""ab'"
2018,"b'ilityHaste"":0,""abilityPower"":0,""armor"":69,""armorPen"":0,""armorPenPercent"":0,""attackDamage"":146,""attackSpeed"":115,""bonusArmorPenPe'"
2019,"b'rcent"":0,""bonusMagicPenPercent"":0,""ccReduction"":25,""cooldownReduction"":0,""health"":0,""healthMax"":1357,""healthRegen"":28,""lifesteal'"
2020,"b'"":10,""magicPen"":0,""magicPenPercent"":0,""magicResist"":45,""movementSpeed"":340,""omnivamp"":0,""physicalVamp"":0,""power"":0,""powerMax"":60'"
2021,"b',""powerRegen"":0,""spellVamp"":0},""currentGold"":151,""damageStats"":{""magicDamageDone"":14837,""magicDamageDoneToChampions"":1865,""magic'"
2022,"b'DamageTaken"":3441,""physicalDamageDone"":25108,""physicalDamageDoneToChampions"":2542,""physicalDamageTaken"":7135,""totalDamageDone"":4'"
2023,"b'0631,""totalDamageDoneToChampions"":4407,""totalDamageTaken"":11352,""trueDamageDone"":684,""trueDamageDoneToChampions"":0,""trueDamageTa'"
2024,"b'ken"":776},""goldPerSecond"":0,""jungleMinionsKilled"":1,""level"":9,""minionsKilled"":82,""participantId"":1,""position"":{""x"":7080,""y"":1386'"
2025,"b'},""timeEnemySpentControlled"":156505,""totalGold"":4276,""xp"":5881},""2"":{""championStats"":{""abilityHaste"":0,""abilityPower"":95,""armor""'"
2026,"b':62,""armorPen"":0,""armorPenPercent"":0,""attackDamage"":83,""attackSpeed"":143,""bonusArmorPenPercent"":0,""bonusMagicPenPercent"":0,""ccRe'"
2027,"b'duction"":0,""cooldownReduction"":0,""health"":711,""healthMax"":1297,""healthRegen"":24,""lifesteal"":0,""magicPen"":0,""magicPenPercent"":0,""'"
2028,"b'magicResist"":45,""movementSpeed"":399,""omnivamp"":0,""physicalVamp"":0,""power"":417,""powerMax"":1166,""powerRegen"":20,""spellVamp"":0},""cu'"
2029,"b'rrentGold"":1078,""damageStats"":{""magicDamageDone"":31919,""magicDamageDoneToChampions"":2862,""magicDamageTaken"":2432,""physicalDamage'"
2030,"b'Done"":21222,""physicalDamageDoneToChampions"":746,""physicalDamageTaken"":6397,""totalDamageDone"":66805,""totalDamageDoneToChampions"":'"
2031,"b'3790,""totalDamageTaken"":8998,""trueDamageDone"":13663,""trueDamageDoneToChampions"":181,""trueDamageTaken"":168},""goldPerSecond"":0,""ju'"
2032,"b'ngleMinionsKilled"":68,""level"":9,""minionsKilled"":14,""participantId"":2,""position"":{""x"":4376,""y"":4550},""timeEnemySpentControlled"":3'"
2033,"b'69289,""totalGold"":5093,""xp"":5537},""3"":{""championStats"":{""abilityHaste"":0,""abilityPower"":0,""armor"":84,""armorPen"":0,""armorPenPerce'"
2034,"b'nt"":10,""attackDamage"":190,""attackSpeed"":134,""bonusArmorPenPercent"":0,""bonusMagicPenPercent"":0,""ccReduction"":0,""cooldownReduction'"
2035,"b'"":0,""health"":1493,""healthMax"":1493,""healthRegen"":22,""lifesteal"":0,""magicPen"":0,""magicPenPercent"":0,""magicResist"":43,""movementSpe'"
2036,"b'ed"":370,""omnivamp"":0,""physicalVamp"":0,""power"":666,""powerMax"":676,""powerRegen"":21,""spellVamp"":0},""currentGold"":670,""damageStats"":'"
2037,"b'{""magicDamageDone"":700,""magicDamageDoneToChampions"":75,""magicDamageTaken"":1999,""physicalDamageDone"":43994,""physicalDamageDoneToC'"
2038,"b'hampions"":3643,""physicalDamageTaken"":6505,""totalDamageDone"":45088,""totalDamageDoneToChampions"":4113,""totalDamageTaken"":8561,""tru'"
2039,"b'eDamageDone"":394,""trueDamageDoneToChampions"":394,""trueDamageTaken"":56},""goldPerSecond"":0,""jungleMinionsKilled"":0,""level"":10,""min'"
2040,"b'ionsKilled"":101,""participantId"":3,""position"":{""x"":6473,""y"":6633},""timeEnemySpentControlled"":6507,""totalGold"":4900,""xp"":6410},""4""'"
2041,"b':{""championStats"":{""abilityHaste"":0,""abilityPower"":0,""armor"":56,""armorPen"":0,""armorPenPercent"":0,""attackDamage"":160,""attackSpeed'"
2042,"b'"":214,""bonusArmorPenPercent"":0,""bonusMagicPenPercent"":0,""ccReduction"":0,""cooldownReduction"":0,""health"":1169,""healthMax"":1169,""he'"
2043,"b'althRegen"":12,""lifesteal"":1,""magicPen"":0,""magicPenPercent"":0,""magicResist"":37,""movementSpeed"":370,""omnivamp"":0,""physicalVamp"":0,'"
2044,"b'""power"":590,""powerMax"":590,""powerRegen"":17,""spellVamp"":0},""currentGold"":191,""damageStats"":{""magicDamageDone"":1061,""magicDamageDo'"
2045,"b'neToChampions"":313,""magicDamageTaken"":2161,""physicalDamageDone"":32237,""physicalDamageDoneToChampions"":3781,""physicalDamageTaken""'"
2046,"b':3938,""totalDamageDone"":33299,""totalDamageDoneToChampions"":4094,""totalDamageTaken"":6303,""trueDamageDone"":0,""trueDamageDoneToCham'"
2047,"b'pions"":0,""trueDamageTaken"":202},""goldPerSecond"":0,""jungleMinionsKilled"":0,""level"":8,""minionsKilled"":115,""participantId"":4,""posit'"
2048,"b'ion"":{""x"":5900,""y"":5481},""timeEnemySpentControlled"":55421,""totalGold"":5126,""xp"":4481},""5"":{""championStats"":{""abilityHaste"":0,""ab'"
2049,"b'ilityPower"":27,""armor"":92,""armorPen"":0,""armorPenPercent"":0,""attackDamage"":78,""attackSpeed"":116,""bonusArmorPenPercent"":0,""bonusMa'"
2050,"b'gicPenPercent"":0,""ccReduction"":8,""cooldownReduction"":0,""health"":1235,""healthMax"":1431,""healthRegen"":33,""lifesteal"":0,""magicPen"":'"
2051,"b'0,""magicPenPercent"":0,""magicResist"":61,""movementSpeed"":375,""omnivamp"":0,""physicalVamp"":0,""power"":463,""powerMax"":607,""powerRegen""'"
2052,"b':19,""spellVamp"":0},""currentGold"":308,""damageStats"":{""magicDamageDone"":4230,""magicDamageDoneToChampions"":1249,""magicDamageTaken"":'"
2053,"b'2316,""physicalDamageDone"":3096,""physicalDamageDoneToChampions"":596,""physicalDamageTaken"":3393,""totalDamageDone"":9875,""totalDamag'"
2054,"b'eDoneToChampions"":1933,""totalDamageTaken"":5796,""trueDamageDone"":2549,""trueDamageDoneToChampions"":88,""trueDamageTaken"":85},""goldP'"
2055,"b'erSecond"":30,""jungleMinionsKilled"":0,""level"":7,""minionsKilled"":22,""participantId"":5,""position"":{""x"":4470,""y"":4752},""timeEnemySpe'"
2056,"b'ntControlled"":53285,""totalGold"":3573,""xp"":3961},""6"":{""championStats"":{""abilityHaste"":0,""abilityPower"":0,""armor"":88,""armorPen"":0,'"
2057,"b'""armorPenPercent"":0,""attackDamage"":147,""attackSpeed"":207,""bonusArmorPenPercent"":0,""bonusMagicPenPercent"":0,""ccReduction"":0,""cool'"
2058,"b'downReduction"":0,""health"":1314,""healthMax"":1622,""healthRegen"":18,""lifesteal"":8,""magicPen"":0,""magicPenPercent"":0,""magicResist"":41'"
2059,"b',""movementSpeed"":448,""omnivamp"":2,""physicalVamp"":0,""power"":458,""powerMax"":701,""powerRegen"":68,""spellVamp"":0},""currentGold"":1111,'"
2060,"b'""damageStats"":{""magicDamageDone"":4304,""magicDamageDoneToChampions"":1082,""magicDamageTaken"":1237,""physicalDamageDone"":55971,""phys'"
2061,"b'icalDamageDoneToChampions"":6081,""physicalDamageTaken"":5576,""totalDamageDone"":61462,""totalDamageDoneToChampions"":7719,""totalDamag'"
2062,"b'eTaken"":6918,""trueDamageDone"":1186,""trueDamageDoneToChampions"":556,""trueDamageTaken"":104},""goldPerSecond"":0,""jungleMinionsKilled'"
2063,"b'"":3,""level"":11,""minionsKilled"":128,""participantId"":6,""position"":{""x"":8674,""y"":1230},""timeEnemySpentControlled"":1938,""totalGold"":'"
2064,"b'6406,""xp"":8183},""7"":{""championStats"":{""abilityHaste"":0,""abilityPower"":202,""armor"":76,""armorPen"":0,""armorPenPercent"":0,""attackDam'"
2065,"b'age"":85,""attackSpeed"":182,""bonusArmorPenPercent"":0,""bonusMagicPenPercent"":0,""ccReduction"":0,""cooldownReduction"":0,""health"":1750,'"
2066,"b'""healthMax"":1793,""healthRegen"":21,""lifesteal"":0,""magicPen"":18,""magicPenPercent"":0,""magicResist"":40,""movementSpeed"":496,""omnivamp'"
2067,"b'"":0,""physicalVamp"":0,""power"":394,""powerMax"":643,""powerRegen"":210,""spellVamp"":0},""currentGold"":2305,""damageStats"":{""magicDamageDo'"
2068,"b'ne"":76058,""magicDamageDoneToChampions"":6159,""magicDamageTaken"":2882,""physicalDamageDone"":12241,""physicalDamageDoneToChampions"":7'"
2069,"b'08,""physicalDamageTaken"":9593,""totalDamageDone"":115022,""totalDamageDoneToChampions"":7174,""totalDamageTaken"":12606,""trueDamageDon'"
2070,"b'e"":26722,""trueDamageDoneToChampions"":305,""trueDamageTaken"":130},""goldPerSecond"":0,""jungleMinionsKilled"":102,""level"":10,""minionsK'"
2071,"b'illed"":6,""participantId"":7,""position"":{""x"":4572,""y"":10043},""timeEnemySpentControlled"":134941,""totalGold"":7610,""xp"":6991},""8"":{""c'"
2072,"b'hampionStats"":{""abilityHaste"":0,""abilityPower"":0,""armor"":75,""armorPen"":0,""armorPenPercent"":0,""attackDamage"":199,""attackSpeed"":14'"
2073,"b'0,""bonusArmorPenPercent"":0,""bonusMagicPenPercent"":0,""ccReduction"":18,""cooldownReduction"":0,""health"":1789,""healthMax"":1789,""healt'"
2074,"b'hRegen"":27,""lifesteal"":0,""magicPen"":0,""magicPenPercent"":0,""magicResist"":49,""movementSpeed"":489,""omnivamp"":0,""physicalVamp"":0,""po'"
2075,"b'wer"":1265,""powerMax"":1265,""powerRegen"":28,""spellVamp"":0},""currentGold"":630,""damageStats"":{""magicDamageDone"":4273,""magicDamageDon'"
2076,"b'eToChampions"":531,""magicDamageTaken"":1400,""physicalDamageDone"":51429,""physicalDamageDoneToChampions"":5925,""physicalDamageTaken"":'"
2077,"b'4929,""totalDamageDone"":55702,""totalDamageDoneToChampions"":6457,""totalDamageTaken"":6521,""trueDamageDone"":0,""trueDamageDoneToChamp'"
2078,"b'ions"":0,""trueDamageTaken"":191},""goldPerSecond"":0,""jungleMinionsKilled"":0,""level"":11,""minionsKilled"":99,""participantId"":8,""positi'"
2079,"b'on"":{""x"":13154,""y"":12447},""timeEnemySpentControlled"":43127,""totalGold"":6755,""xp"":7318},""9"":{""championStats"":{""abilityHaste"":0,""a'"
2080,"b'bilityPower"":0,""armor"":83,""armorPen"":0,""armorPenPercent"":0,""attackDamage"":265,""attackSpeed"":139,""bonusArmorPenPercent"":0,""bonusM'"
2081,"b'agicPenPercent"":0,""ccReduction"":0,""cooldownReduction"":0,""health"":1492,""healthMax"":1492,""healthRegen"":13,""lifesteal"":5,""magicPen""'"
2082,"b':0,""magicPenPercent"":0,""magicResist"":38,""movementSpeed"":385,""omnivamp"":2,""physicalVamp"":0,""power"":605,""powerMax"":605,""powerRegen'"
2083,"b'"":25,""spellVamp"":0},""currentGold"":234,""damageStats"":{""magicDamageDone"":6093,""magicDamageDoneToChampions"":1498,""magicDamageTaken""'"
2084,"b':1045,""physicalDamageDone"":48775,""physicalDamageDoneToChampions"":6322,""physicalDamageTaken"":3281,""totalDamageDone"":54982,""totalD'"
2085,"b'amageDoneToChampions"":7933,""totalDamageTaken"":4476,""trueDamageDone"":113,""trueDamageDoneToChampions"":113,""trueDamageTaken"":150},""'"
2086,"b'goldPerSecond"":0,""jungleMinionsKilled"":4,""level"":9,""minionsKilled"":114,""participantId"":9,""position"":{""x"":10662,""y"":11141},""timeE'"
2087,"b'nemySpentControlled"":1269,""totalGold"":9254,""xp"":5835},""10"":{""championStats"":{""abilityHaste"":0,""abilityPower"":10,""armor"":136,""arm'"
2088,"b'orPen"":0,""armorPenPercent"":0,""attackDamage"":75,""attackSpeed"":117,""bonusArmorPenPercent"":0,""bonusMagicPenPercent"":0,""ccReduction""'"
2089,"b':0,""cooldownReduction"":0,""health"":1760,""healthMax"":1760,""healthRegen"":46,""lifesteal"":0,""magicPen"":0,""magicPenPercent"":0,""magicRe'"
2090,"b'sist"":72,""movementSpeed"":518,""omnivamp"":0,""physicalVamp"":0,""power"":653,""powerMax"":653,""powerRegen"":16,""spellVamp"":0},""currentGol'"
2091,"b'd"":32,""damageStats"":{""magicDamageDone"":3915,""magicDamageDoneToChampions"":1747,""magicDamageTaken"":762,""physicalDamageDone"":3020,""'"
2092,"b'physicalDamageDoneToChampions"":564,""physicalDamageTaken"":3353,""totalDamageDone"":14994,""totalDamageDoneToChampions"":2626,""totalDa'"
2093,"b'mageTaken"":4203,""trueDamageDone"":8057,""trueDamageDoneToChampions"":314,""trueDamageTaken"":88},""goldPerSecond"":30,""jungleMinionsKil'"
2094,"b'led"":0,""level"":9,""minionsKilled"":22,""participantId"":10,""position"":{""x"":12567,""y"":12646},""timeEnemySpentControlled"":117006,""total'"
2095,"b'Gold"":5442,""xp"":5700}},""timestamp"":900332},{""events"":[{""itemId"":1001,""participantId"":2,""timestamp"":903530,""type"":""ITEM_DESTROYED'"
2096,"b'""},{""itemId"":3158,""participantId"":2,""timestamp"":903530,""type"":""ITEM_PURCHASED""},{""creatorId"":7,""timestamp"":904498,""type"":""WARD_P'"
2097,"b'LACED"",""wardType"":""UNDEFINED""},{""itemId"":1028,""participantId"":2,""timestamp"":905397,""type"":""ITEM_PURCHASED""},{""itemId"":2055,""part'"
2098,"b'icipantId"":4,""timestamp"":906433,""type"":""ITEM_DESTROYED""},{""creatorId"":4,""timestamp"":906433,""type"":""WARD_PLACED"",""wardType"":""CONT'"
2099,"b'ROL_WARD""},{""level"":11,""participantId"":7,""timestamp"":906466,""type"":""LEVEL_UP""},{""itemId"":1101,""participantId"":7,""timestamp"":9064'"
2100,"b'66,""type"":""ITEM_DESTROYED""},{""bounty"":0,""killerId"":7,""killerTeamId"":200,""monsterType"":""RIFTHERALD"",""position"":{""x"":4615,""y"":9792'"
2101,"b'},""timestamp"":906466,""type"":""ELITE_MONSTER_KILL""},{""gameId"":6636190425,""realTimestamp"":1691304146765,""timestamp"":911551,""type"":""'"
2102,"b'GAME_END"",""winningTeam"":200}],""participantFrames"":{""1"":{""championStats"":{""abilityHaste"":0,""abilityPower"":0,""armor"":69,""armorPen""'"
2103,"b':0,""armorPenPercent"":0,""attackDamage"":146,""attackSpeed"":115,""bonusArmorPenPercent"":0,""bonusMagicPenPercent"":0,""ccReduction"":25,""'"
2104,"b'cooldownReduction"":0,""health"":0,""healthMax"":1357,""healthRegen"":28,""lifesteal"":10,""magicPen"":0,""magicPenPercent"":0,""magicResist"":'"
2105,"b'45,""movementSpeed"":340,""omnivamp"":0,""physicalVamp"":0,""power"":0,""powerMax"":60,""powerRegen"":0,""spellVamp"":0},""currentGold"":174,""da'"
2106,"b'mageStats"":{""magicDamageDone"":14837,""magicDamageDoneToChampions"":1865,""magicDamageTaken"":3441,""physicalDamageDone"":25108,""physic'"
2107,"b'alDamageDoneToChampions"":2542,""physicalDamageTaken"":7135,""totalDamageDone"":40631,""totalDamageDoneToChampions"":4407,""totalDamageT'"
2108,"b'aken"":11352,""trueDamageDone"":684,""trueDamageDoneToChampions"":0,""trueDamageTaken"":776},""goldPerSecond"":0,""jungleMinionsKilled"":1,'"
2109,"b'""level"":9,""minionsKilled"":82,""participantId"":1,""position"":{""x"":7080,""y"":1386},""timeEnemySpentControlled"":156505,""totalGold"":4299'"
2110,"b',""xp"":5881},""2"":{""championStats"":{""abilityHaste"":0,""abilityPower"":95,""armor"":62,""armorPen"":0,""armorPenPercent"":0,""attackDamage"":'"
2111,"b'83,""attackSpeed"":143,""bonusArmorPenPercent"":0,""bonusMagicPenPercent"":0,""ccReduction"":0,""cooldownReduction"":0,""health"":1447,""heal'"
2112,"b'thMax"":1447,""healthRegen"":24,""lifesteal"":0,""magicPen"":0,""magicPenPercent"":0,""magicResist"":45,""movementSpeed"":509,""omnivamp"":0,""p'"
2113,"b'hysicalVamp"":0,""power"":1166,""powerMax"":1166,""powerRegen"":20,""spellVamp"":0},""currentGold"":51,""damageStats"":{""magicDamageDone"":319'"
2114,"b'19,""magicDamageDoneToChampions"":2862,""magicDamageTaken"":2432,""physicalDamageDone"":21222,""physicalDamageDoneToChampions"":746,""phy'"
2115,"b'sicalDamageTaken"":6397,""totalDamageDone"":66805,""totalDamageDoneToChampions"":3790,""totalDamageTaken"":8998,""trueDamageDone"":13663,'"
2116,"b'""trueDamageDoneToChampions"":181,""trueDamageTaken"":168},""goldPerSecond"":0,""jungleMinionsKilled"":68,""level"":9,""minionsKilled"":14,""'"
2117,"b'participantId"":2,""position"":{""x"":394,""y"":462},""timeEnemySpentControlled"":369289,""totalGold"":5116,""xp"":5537},""3"":{""championStats""'"
2118,"b':{""abilityHaste"":0,""abilityPower"":0,""armor"":84,""armorPen"":0,""armorPenPercent"":10,""attackDamage"":190,""attackSpeed"":134,""bonusArmo'"
2119,"b'rPenPercent"":0,""bonusMagicPenPercent"":0,""ccReduction"":0,""cooldownReduction"":0,""health"":1486,""healthMax"":1493,""healthRegen"":22,""l'"
2120,"b'ifesteal"":0,""magicPen"":0,""magicPenPercent"":0,""magicResist"":43,""movementSpeed"":370,""omnivamp"":0,""physicalVamp"":0,""power"":504,""pow'"
2121,"b'erMax"":676,""powerRegen"":21,""spellVamp"":0},""currentGold"":777,""damageStats"":{""magicDamageDone"":700,""magicDamageDoneToChampions"":75'"
2122,"b',""magicDamageTaken"":1999,""physicalDamageDone"":47221,""physicalDamageDoneToChampions"":3643,""physicalDamageTaken"":6535,""totalDamage'"
2123,"b'Done"":48316,""totalDamageDoneToChampions"":4113,""totalDamageTaken"":8591,""trueDamageDone"":394,""trueDamageDoneToChampions"":394,""true'"
2124,"b'DamageTaken"":56},""goldPerSecond"":0,""jungleMinionsKilled"":0,""level"":10,""minionsKilled"":106,""participantId"":3,""position"":{""x"":6249'"
2125,"b',""y"":7079},""timeEnemySpentControlled"":7242,""totalGold"":5007,""xp"":6579},""4"":{""championStats"":{""abilityHaste"":0,""abilityPower"":0,""'"
2126,"b'armor"":56,""armorPen"":0,""armorPenPercent"":0,""attackDamage"":160,""attackSpeed"":214,""bonusArmorPenPercent"":0,""bonusMagicPenPercent"":'"
2127,"b'0,""ccReduction"":0,""cooldownReduction"":0,""health"":1169,""healthMax"":1169,""healthRegen"":12,""lifesteal"":1,""magicPen"":0,""magicPenPerc'"
2128,"b'ent"":0,""magicResist"":37,""movementSpeed"":370,""omnivamp"":0,""physicalVamp"":0,""power"":482,""powerMax"":590,""powerRegen"":17,""spellVamp""'"
2129,"b':0},""currentGold"":234,""damageStats"":{""magicDamageDone"":1061,""magicDamageDoneToChampions"":313,""magicDamageTaken"":2161,""physicalDa'"
2130,"b'mageDone"":32500,""physicalDamageDoneToChampions"":3781,""physicalDamageTaken"":3938,""totalDamageDone"":33562,""totalDamageDoneToChampi'"
2131,"b'ons"":4094,""totalDamageTaken"":6303,""trueDamageDone"":0,""trueDamageDoneToChampions"":0,""trueDamageTaken"":202},""goldPerSecond"":0,""jun'"
2132,"b'gleMinionsKilled"":0,""level"":8,""minionsKilled"":116,""participantId"":4,""position"":{""x"":6121,""y"":5678},""timeEnemySpentControlled"":55'"
2133,"b'421,""totalGold"":5169,""xp"":4700},""5"":{""championStats"":{""abilityHaste"":0,""abilityPower"":28,""armor"":93,""armorPen"":0,""armorPenPercen'"
2134,"b't"":0,""attackDamage"":78,""attackSpeed"":116,""bonusArmorPenPercent"":0,""bonusMagicPenPercent"":0,""ccReduction"":8,""cooldownReduction"":0'"
2135,"b',""health"":1272,""healthMax"":1431,""healthRegen"":33,""lifesteal"":0,""magicPen"":0,""magicPenPercent"":0,""magicResist"":61,""movementSpeed""'"
2136,"b':375,""omnivamp"":0,""physicalVamp"":0,""power"":205,""powerMax"":607,""powerRegen"":19,""spellVamp"":0},""currentGold"":334,""damageStats"":{""m'"
2137,"b'agicDamageDone"":4230,""magicDamageDoneToChampions"":1249,""magicDamageTaken"":2316,""physicalDamageDone"":3096,""physicalDamageDoneToCh'"
2138,"b'ampions"":596,""physicalDamageTaken"":3393,""totalDamageDone"":9875,""totalDamageDoneToChampions"":1933,""totalDamageTaken"":5796,""trueDa'"
2139,"b'mageDone"":2549,""trueDamageDoneToChampions"":88,""trueDamageTaken"":85},""goldPerSecond"":30,""jungleMinionsKilled"":0,""level"":7,""minion'"
2140,"b'sKilled"":22,""participantId"":5,""position"":{""x"":5105,""y"":5225},""timeEnemySpentControlled"":53285,""totalGold"":3599,""xp"":3961},""6"":{""'"
2141,"b'championStats"":{""abilityHaste"":0,""abilityPower"":0,""armor"":88,""armorPen"":0,""armorPenPercent"":0,""attackDamage"":147,""attackSpeed"":2'"
2142,"b'07,""bonusArmorPenPercent"":0,""bonusMagicPenPercent"":0,""ccReduction"":0,""cooldownReduction"":0,""health"":1367,""healthMax"":1622,""healt'"
2143,"b'hRegen"":18,""lifesteal"":8,""magicPen"":0,""magicPenPercent"":0,""magicResist"":41,""movementSpeed"":375,""omnivamp"":2,""physicalVamp"":0,""po'"
2144,"b'wer"":492,""powerMax"":701,""powerRegen"":28,""spellVamp"":0},""currentGold"":1154,""damageStats"":{""magicDamageDone"":4304,""magicDamageDone'"
2145,"b'ToChampions"":1082,""magicDamageTaken"":1237,""physicalDamageDone"":56281,""physicalDamageDoneToChampions"":6081,""physicalDamageTaken"":'"
2146,"b'5576,""totalDamageDone"":61773,""totalDamageDoneToChampions"":7719,""totalDamageTaken"":6918,""trueDamageDone"":1186,""trueDamageDoneToCh'"
2147,"b'ampions"":556,""trueDamageTaken"":104},""goldPerSecond"":0,""jungleMinionsKilled"":3,""level"":11,""minionsKilled"":129,""participantId"":6,""'"
2148,"b'position"":{""x"":9625,""y"":953},""timeEnemySpentControlled"":1938,""totalGold"":6449,""xp"":8245},""7"":{""championStats"":{""abilityHaste"":0,'"
2149,"b'""abilityPower"":203,""armor"":81,""armorPen"":0,""armorPenPercent"":0,""attackDamage"":88,""attackSpeed"":145,""bonusArmorPenPercent"":0,""bon'"
2150,"b'usMagicPenPercent"":0,""ccReduction"":0,""cooldownReduction"":0,""health"":1906,""healthMax"":1906,""healthRegen"":22,""lifesteal"":0,""magicP'"
2151,"b'en"":18,""magicPenPercent"":0,""magicResist"":41,""movementSpeed"":410,""omnivamp"":0,""physicalVamp"":0,""power"":581,""powerMax"":690,""powerR'"
2152,"b'egen"":176,""spellVamp"":0},""currentGold"":2627,""damageStats"":{""magicDamageDone"":77493,""magicDamageDoneToChampions"":6159,""magicDamag'"
2153,"b'eTaken"":2882,""physicalDamageDone"":12453,""physicalDamageDoneToChampions"":708,""physicalDamageTaken"":9711,""totalDamageDone"":118401,'"
2154,"b'""totalDamageDoneToChampions"":7174,""totalDamageTaken"":12723,""trueDamageDone"":28453,""trueDamageDoneToChampions"":305,""trueDamageTak'"
2155,"b'en"":130},""goldPerSecond"":0,""jungleMinionsKilled"":106,""level"":11,""minionsKilled"":6,""participantId"":7,""position"":{""x"":6039,""y"":945'"
2156,"b'8},""timeEnemySpentControlled"":134941,""totalGold"":7932,""xp"":7389},""8"":{""championStats"":{""abilityHaste"":0,""abilityPower"":0,""armor""'"
2157,"b':75,""armorPen"":0,""armorPenPercent"":0,""attackDamage"":199,""attackSpeed"":125,""bonusArmorPenPercent"":0,""bonusMagicPenPercent"":0,""ccR'"
2158,"b'eduction"":19,""cooldownReduction"":0,""health"":1792,""healthMax"":1792,""healthRegen"":27,""lifesteal"":0,""magicPen"":0,""magicPenPercent"":'"
2159,"b'0,""magicResist"":49,""movementSpeed"":380,""omnivamp"":0,""physicalVamp"":0,""power"":1185,""powerMax"":1271,""powerRegen"":28,""spellVamp"":0}'"
2160,"b',""currentGold"":729,""damageStats"":{""magicDamageDone"":4739,""magicDamageDoneToChampions"":531,""magicDamageTaken"":1400,""physicalDamag'"
2161,"b'eDone"":54802,""physicalDamageDoneToChampions"":5925,""physicalDamageTaken"":4937,""totalDamageDone"":59541,""totalDamageDoneToChampions'"
2162,"b'"":6457,""totalDamageTaken"":6529,""trueDamageDone"":0,""trueDamageDoneToChampions"":0,""trueDamageTaken"":191},""goldPerSecond"":0,""jungle'"
2163,"b'MinionsKilled"":0,""level"":11,""minionsKilled"":104,""participantId"":8,""position"":{""x"":1973,""y"":9809},""timeEnemySpentControlled"":4724'"
2164,"b'1,""totalGold"":6854,""xp"":7563},""9"":{""championStats"":{""abilityHaste"":0,""abilityPower"":0,""armor"":83,""armorPen"":0,""armorPenPercent"":'"
2165,"b'0,""attackDamage"":265,""attackSpeed"":139,""bonusArmorPenPercent"":0,""bonusMagicPenPercent"":0,""ccReduction"":0,""cooldownReduction"":0,""'"
2166,"b'health"":1492,""healthMax"":1492,""healthRegen"":13,""lifesteal"":5,""magicPen"":0,""magicPenPercent"":0,""magicResist"":38,""movementSpeed"":3'"
2167,"b'85,""omnivamp"":2,""physicalVamp"":0,""power"":605,""powerMax"":605,""powerRegen"":25,""spellVamp"":0},""currentGold"":257,""damageStats"":{""mag'"
2168,"b'icDamageDone"":6093,""magicDamageDoneToChampions"":1498,""magicDamageTaken"":1045,""physicalDamageDone"":48775,""physicalDamageDoneToCha'"
2169,"b'mpions"":6322,""physicalDamageTaken"":3281,""totalDamageDone"":54982,""totalDamageDoneToChampions"":7933,""totalDamageTaken"":4476,""trueD'"
2170,"b'amageDone"":113,""trueDamageDoneToChampions"":113,""trueDamageTaken"":150},""goldPerSecond"":0,""jungleMinionsKilled"":4,""level"":9,""minio'"
2171,"b'nsKilled"":114,""participantId"":9,""position"":{""x"":9284,""y"":9767},""timeEnemySpentControlled"":1269,""totalGold"":9277,""xp"":5835},""10"":'"
2172,"b'{""championStats"":{""abilityHaste"":0,""abilityPower"":10,""armor"":136,""armorPen"":0,""armorPenPercent"":0,""attackDamage"":75,""attackSpeed'"
2173,"b'"":117,""bonusArmorPenPercent"":0,""bonusMagicPenPercent"":0,""ccReduction"":0,""cooldownReduction"":0,""health"":1760,""healthMax"":1760,""he'"
2174,"b'althRegen"":46,""lifesteal"":0,""magicPen"":0,""magicPenPercent"":0,""magicResist"":72,""movementSpeed"":407,""omnivamp"":0,""physicalVamp"":0,'"
2175,"b'""power"":630,""powerMax"":653,""powerRegen"":16,""spellVamp"":0},""currentGold"":58,""damageStats"":{""magicDamageDone"":3915,""magicDamageDon'"
2176,"b'eToChampions"":1747,""magicDamageTaken"":762,""physicalDamageDone"":3020,""physicalDamageDoneToChampions"":564,""physicalDamageTaken"":33'"
2177,"b'53,""totalDamageDone"":14994,""totalDamageDoneToChampions"":2626,""totalDamageTaken"":4203,""trueDamageDone"":8057,""trueDamageDoneToCham'"
2178,"b'pions"":314,""trueDamageTaken"":88},""goldPerSecond"":30,""jungleMinionsKilled"":0,""level"":9,""minionsKilled"":22,""participantId"":10,""pos'"
2179,"b'ition"":{""x"":10699,""y"":10421},""timeEnemySpentControlled"":117006,""totalGold"":5468,""xp"":5700}},""timestamp"":911551}],""gameId"":663619'"
2180,"b'0425,""participants"":[{""participantId"":1,""puuid"":""qA-yjbpzdvJzzjZPNbr8HhmqsNm4Ts-JFU_6FbbwKm5oEMQ2gLaFC7QzYIPfT6tYMl8zxnE6RpcrRw""'"
2181,"b'},{""participantId"":2,""puuid"":""6GAcdYFTphsLZuQM3QfLmsZVzByQLOFjM8Y14dNdsDdQrOxvrQQCgDHfS2EjdN0kZd-CNbz7Mh_UmQ""},{""participantId"":'"
2182,"b'3,""puuid"":""hZ0VFdPLzBpznzqQtuxOUix5Jfd11drRrc1UQqQ91XgAIrEqK-s8fGPRQe3bF1dwUVikUPOuBKogdA""},{""participantId"":4,""puuid"":""3MXueUlN'"
2183,"b'BXkXMuaTmLwXNSt2-Fw8Od77SQ_RLEv1Vuxbj0GyJAxFMRqw6K0D2rO3bpNKBOh9OoPtdg""},{""participantId"":5,""puuid"":""lY_FJvMs8xFkoY6o4YdG9Mc2Nxa'"
2184,"b'yCz-4G8SO-GgF552kLJT1ZgrPi8vk3YN8s3Waps4loLDnsP06gQ""},{""participantId"":6,""puuid"":""7Jkvb76cYpV0Db4-ON9UWd__aK_A0piidHY2XsVWzkqYYh'"
2185,"b'S3yzLdSwiDUj_Ep4mJ8e3qd-8Xsjhh8Q""},{""participantId"":7,""puuid"":""UI8d_6Li_9myqWqDEpaO-i-AmDI4Nx6tiKMcbAq_JW4RigVFrs4Q8uUkqxA_ded-A'"
2186,"b'-TnfocpEyIRdw""},{""participantId"":8,""puuid"":""jipKAKPchwGwSCHobqEbLdUN1Gxj_lYBvVP9Smj5uzFZbtL-5zGOB_G041aiDeZH8Y5lnhuhlZG_HA""},{""p'"
2187,"b'articipantId"":9,""puuid"":""vuc9twe_JbotlPu4Qm0AINDhjlkMaD496t75iEf8VxwXeljemdy81jcOycZhHDeE0H-DbYfpysRBaQ""},{""participantId"":10,""p'"
2188,"b'uuid"":""HUgrC7AovIZeS2lPJ_GsQ9ALDAYAmX5Rwb5gWPlLPckooLxMhuUflJdwv3psv-tPRbOF6cxbFB992g""}]}}'"
